subject_id,photo_id,height_cm,gender,true_chest,pred_chest,abs_error_chest,true_waist,pred_waist,abs_error_waist,true_hip,pred_hip,abs_error_hip,true_thigh,pred_thigh,abs_error_thigh,true_calf,pred_calf,abs_error_calf,true_ankle,pred_ankle,abs_error_ankle,true_arm-length,pred_arm-length,abs_error_arm-length,true_forearm,pred_forearm,abs_error_forearm,true_wrist,pred_wrist,abs_error_wrist,true_bicep,pred_bicep,abs_error_bicep,true_shoulder-breadth,pred_shoulder-breadth,abs_error_shoulder-breadth,true_leg-length,pred_leg-length,abs_error_leg-length,true_shoulder-to-crotch,pred_shoulder-to-crotch,abs_error_shoulder-to-crotch
9WDEVwVyXeZPsmZ3vyB-AtLunvJjsp24Yls-zufCAiA,abd2b717fd57b86f28d07ce2fe02087f,174.0,1,115.52448,102.76616,12.758324,112.17888,89.51935,22.65953,118.15794,101.20794,16.950005,63.73438,53.77342,9.96096,41.12264,37.534443,3.5881958,25.503021,24.5276,0.9754219,49.55636,50.34778,0.79142,31.222464,26.876238,4.3462257,18.634657,16.739983,1.8946743,36.55684,31.075237,5.4816017,39.749283,36.459187,3.2900963,78.39904,79.412186,1.0131454,70.26267,66.01491,4.2477646
9WDEVwVyXeZPsmZ3vyB-AtLunvJjsp24Yls-zufCAiA,d12f51536fddf5bdf7cf22cdfaf1c9bd,174.0,1,115.52448,102.78829,12.736191,112.17888,89.55328,22.625595,118.15794,101.218994,16.93895,63.73438,53.79174,9.942638,41.12264,37.545845,3.5767937,25.503021,24.53748,0.96554184,49.55636,50.36193,0.8055725,31.222464,26.893309,4.329155,18.634657,16.745974,1.8886833,36.55684,31.085184,5.471655,39.749283,36.475613,3.2736702,78.39904,79.44459,1.0455475,70.26267,66.04849,4.21418
JRxWV8PuWURsrbH1Jjs790x8alZ1WhE60DTZF7Sw6GM,d54b014908db03d0da9433cc223ea8e7,182.75,1,113.99634,106.016174,7.9801636,113.09457,93.05703,20.037537,119.136284,103.23453,15.901756,64.51672,54.900074,9.61665,42.649364,38.52917,4.1201935,26.698957,25.532524,1.1664333,53.37771,52.336987,1.0407219,30.875801,28.019985,2.855816,18.786001,17.38533,1.400671,35.107925,32.167927,2.9399986,38.624374,38.01185,0.61252594,82.1444,82.43085,0.28644562,73.301636,69.17612,4.125519
JRxWV8PuWURsrbH1Jjs790x8alZ1WhE60DTZF7Sw6GM,d3d6ab21f6b0d139a4a1b34204455870,182.75,1,113.99634,105.97683,8.019508,113.09457,93.01942,20.07515,119.136284,103.19445,15.9418335,64.51672,54.890747,9.625977,42.649364,38.520664,4.1287003,26.698957,25.524252,1.1747055,53.37771,52.321266,1.0564423,30.875801,28.005112,2.8706894,18.786001,17.37725,1.4087505,35.107925,32.154995,2.9529305,38.624374,37.9971,0.62727356,82.1444,82.40884,0.2644348,73.301636,69.151695,4.1499405
JRxWV8PuWURsrbH1Jjs790x8alZ1WhE60DTZF7Sw6GM,5d92705afaf7b6fb96ae7bf3b0ffdffa,182.75,1,113.99634,105.96559,8.030746,113.09457,93.025955,20.068611,119.136284,103.20182,15.9344635,64.51672,54.885414,9.6313095,42.649364,38.518345,4.1310196,26.698957,25.52701,1.1719475,53.37771,52.32441,1.053299,30.875801,28.00376,2.8720417,18.786001,17.378353,1.4076481,35.107925,32.154995,2.9529305,38.624374,37.993076,0.63129807,82.1444,82.416176,0.2717743,73.301636,69.15902,4.1426163
JRxWV8PuWURsrbH1Jjs790x8alZ1WhE60DTZF7Sw6GM,c0cb34d3ba8564a57cdc3e914da6a22f,182.75,1,113.99634,106.007744,7.988594,113.09457,93.0603,20.034264,119.136284,103.208725,15.927559,64.51672,54.900738,9.615986,42.649364,38.528397,4.120968,26.698957,25.53528,1.1636772,53.37771,52.341705,1.0360031,30.875801,28.01728,2.8585205,18.786001,17.384228,1.4017735,35.107925,32.167927,2.9399986,38.624374,38.013187,0.611187,82.1444,82.43574,0.29133606,73.301636,69.18101,4.1206284
JRxWV8PuWURsrbH1Jjs790x8alZ1WhE60DTZF7Sw6GM,8839cfe9c1fd6e9b6c58fd5db751bb12,182.75,1,113.99634,106.033035,7.9633026,113.09457,93.088104,20.006462,119.136284,103.23253,15.903755,64.51672,54.907402,9.609322,42.649364,38.53458,4.1147842,26.698957,25.539875,1.1590824,53.37771,52.352707,1.0250015,30.875801,28.026747,2.8490543,18.786001,17.389368,1.3966331,35.107925,32.175884,2.9320412,38.624374,38.023914,0.60046005,82.1444,82.4553,0.31089783,73.301636,69.20055,4.1010895
JRxWV8PuWURsrbH1Jjs790x8alZ1WhE60DTZF7Sw6GM,182a1adab95f70d3ae225c54e959828b,182.75,1,113.99634,106.04428,7.952057,113.09457,93.10283,19.991737,119.136284,103.24481,15.891472,64.51672,54.918728,9.597996,42.649364,38.53845,4.110916,26.698957,25.54355,1.155407,53.37771,52.358997,1.0187111,30.875801,28.034859,2.8409424,18.786001,17.39194,1.394062,35.107925,32.18285,2.9250755,38.624374,38.03196,0.59241486,82.1444,82.47241,0.32801056,73.301636,69.2152,4.0864334
JRxWV8PuWURsrbH1Jjs790x8alZ1WhE60DTZF7Sw6GM,be427c86a12ad6eae055c7232d9ddf87,182.75,1,113.99634,106.01055,7.9857864,113.09457,93.063576,20.03099,119.136284,103.22147,15.91481,64.51672,54.901405,9.615318,42.649364,38.526848,4.1225166,26.698957,25.53436,1.1645966,53.37771,52.343277,1.0344315,30.875801,28.018633,2.8571682,18.786001,17.384962,1.4010391,35.107925,32.168922,2.939003,38.624374,38.01587,0.60850525,82.1444,82.44063,0.2962265,73.301636,69.18345,4.118187
JRxWV8PuWURsrbH1Jjs790x8alZ1WhE60DTZF7Sw6GM,67adc20d538989ec965316894425a686,182.75,1,113.99634,106.03023,7.96611,113.09457,93.08484,20.009727,119.136284,103.239746,15.896538,64.51672,54.912067,9.604656,42.649364,38.533035,4.116329,26.698957,25.538956,1.1600018,53.37771,52.352707,1.0250015,30.875801,28.02945,2.8463516,18.786001,17.390102,1.3958988,35.107925,32.17688,2.9310455,38.624374,38.023914,0.60046005,82.1444,82.45774,0.31333923,73.301636,69.20299,4.098648
59bc275c681516389ccf4198,c26beeed4bc0c024bef737fb91214a5e,167.0,0,127.793976,97.217384,30.576591,108.60009,83.8898,24.710289,124.24186,98.46119,25.78067,58.27762,52.10909,6.1685295,36.349007,35.96909,0.37991714,24.034016,22.89592,1.1380959,51.16572,47.054443,4.1112785,25.825169,25.068249,0.75691986,16.976038,15.723034,1.2530041,33.28604,29.15594,4.130102,36.695427,33.880802,2.8146248,78.22982,74.51069,3.7191315,63.407703,60.864285,2.543419
59bc275c681516389ccf4198,328a120c2e6577c7ab3cbede6914be46,167.0,0,127.793976,97.234245,30.55973,108.60009,83.909424,24.690666,124.24186,98.471016,25.770844,58.27762,52.121082,6.156536,36.349007,35.97218,0.37682724,24.034016,22.902353,1.1316624,51.16572,47.063877,4.101845,25.825169,25.077713,0.7474556,16.976038,15.725972,1.2500658,33.28604,29.163897,4.1221447,36.695427,33.888847,2.8065796,78.22982,74.53025,3.6995697,63.407703,60.883823,2.52388
59bc275c681516389ccf4198,fe2d79ae848271463aeeeca6e50be501,167.0,0,127.793976,97.23144,30.562538,108.60009,83.89634,24.70375,124.24186,98.48084,25.761017,58.27762,52.101093,6.176525,36.349007,35.96909,0.37991714,24.034016,22.893164,1.140852,51.16572,47.056015,4.109707,25.825169,25.068249,0.75691986,16.976038,15.723768,1.2522697,33.28604,29.15594,4.130102,36.695427,33.882145,2.813282,78.22982,74.50825,3.7215729,63.407703,60.856956,2.550747
59bc275c681516389ccf4198,67b4af919450b7eb8044ac799b7048da,167.0,0,127.793976,97.21176,30.582214,108.60009,83.87017,24.72992,124.24186,98.46119,25.78067,58.27762,52.073112,6.204506,36.349007,35.95517,0.39383698,24.034016,22.883974,1.1500416,51.16572,47.04973,4.1159935,25.825169,25.045261,0.7799072,16.976038,15.717894,1.2581444,33.28604,29.141018,4.1450233,36.695427,33.867393,2.8280334,78.22982,74.476456,3.7533646,63.407703,60.82276,2.5849419
59bc275c681516389ccf4198,6755da52be9631af95aac57aa3f49ced,167.0,0,127.793976,97.23705,30.556923,108.60009,83.90615,24.69394,124.24186,98.47593,25.76593,58.27762,52.11042,6.167198,36.349007,35.970634,0.3783722,24.034016,22.898678,1.1353378,51.16572,47.06545,4.100273,25.825169,25.072304,0.75286484,16.976038,15.724503,1.2515354,33.28604,29.160913,4.125128,36.695427,33.88751,2.8079185,78.22982,74.52292,3.7069016,63.407703,60.876495,2.531208
59bc275c681516389ccf4198,4c77af1143ee0e2d537fcca7efaa527d,167.0,0,127.793976,97.23987,30.554108,108.60009,83.902885,24.697205,124.24186,98.48084,25.761017,58.27762,52.113087,6.1645317,36.349007,35.96986,0.37914658,24.034016,22.898678,1.1353378,51.16572,47.060734,4.104988,25.825169,25.075008,0.7501602,16.976038,15.724503,1.2515354,33.28604,29.159918,4.1261234,36.695427,33.88751,2.8079185,78.22982,74.52047,3.7093506,63.407703,60.871613,2.5360909
59bc275c681516389ccf4198,dc599a528b0bb310fb3cea0a2123f41a,167.0,0,127.793976,97.22301,30.570969,108.60009,83.89634,24.70375,124.24186,98.463646,25.778214,58.27762,52.10509,6.1725273,36.349007,35.965996,0.38301086,24.034016,22.898678,1.1353378,51.16572,47.060734,4.104988,25.825169,25.069601,0.75556755,16.976038,15.724503,1.2515354,33.28604,29.15395,4.1320915,36.695427,33.883484,2.811943,78.22982,74.51558,3.714241,63.407703,60.876495,2.531208
D4jRWVQxSD5SdIZooMH2pgR7modOEqwPCKG574RVCHw,3fb9c7d37488b56099cf1477aa1981c5,183.0,1,120.36578,106.07238,14.293404,106.118385,93.13226,12.986122,112.81814,103.254486,9.563652,65.70591,54.914062,10.791847,41.53295,38.544632,2.9883194,25.918507,25.555498,0.3630085,52.276196,52.38258,0.10638428,31.105915,28.037563,3.0683517,17.860458,17.398182,0.46227646,37.508102,32.18683,5.321274,40.06122,38.042686,2.0185318,83.165405,82.49442,0.67098236,71.090294,69.242065,1.8482285
D4jRWVQxSD5SdIZooMH2pgR7modOEqwPCKG574RVCHw,4afbf7387e25e7b44db379612cad0e3d,183.0,1,120.36578,106.08081,14.284973,106.118385,93.13881,12.979576,112.81814,103.26892,9.549217,65.70591,54.92006,10.785851,41.53295,38.54695,2.986,25.918507,25.554579,0.36392784,52.276196,52.38415,0.10795593,31.105915,28.04162,3.0642948,17.860458,17.400017,0.4604416,37.508102,32.1918,5.3163033,40.06122,38.04537,2.01585,83.165405,82.501755,0.6636505,71.090294,69.246956,1.843338
vP1Sh-jJNg7AjHabR7sf1WRlUEiFa-Gke4hTuQkzhmQ,5dd8cf32f3f13b1860287c2e71b313fe,162.0,0,106.76409,95.66895,11.095139,99.647934,82.51267,17.135262,116.7282,97.71431,19.013893,58.650314,51.658695,6.991619,38.634556,35.557743,3.0768127,23.449266,22.463072,0.9861946,46.427383,46.155155,0.27222824,26.95267,24.581474,2.3711948,16.178585,15.463059,0.7155256,36.192726,28.597906,7.59482,35.09366,33.21174,1.8819199,70.616135,73.14869,2.5325546,63.611958,59.481827,4.130131
vP1Sh-jJNg7AjHabR7sf1WRlUEiFa-Gke4hTuQkzhmQ,fd6aae7c1756cb5b492a4466e380d782,162.0,0,106.76409,95.674576,11.089516,99.647934,82.51921,17.128723,116.7282,97.73396,18.99424,58.650314,51.67202,6.9782944,38.634556,35.557743,3.0768127,23.449266,22.463991,0.98527527,46.427383,46.152008,0.27537537,26.95267,24.59094,2.3617287,16.178585,15.465262,0.71332264,36.192726,28.606857,7.585869,35.09366,33.21442,1.8792381,70.616135,73.15847,2.5423355,63.611958,59.486713,4.125244
vP1Sh-jJNg7AjHabR7sf1WRlUEiFa-Gke4hTuQkzhmQ,78a94ae3f63e6cf62bfc3674ab4b929d,162.0,0,106.76409,95.6802,11.083893,99.647934,82.51921,17.128723,116.7282,97.73888,18.989326,58.650314,51.67335,6.976963,38.634556,35.560837,3.073719,23.449266,22.46491,0.9843559,46.427383,46.152008,0.27537537,26.95267,24.59094,2.3617287,16.178585,15.465262,0.71332264,36.192726,28.608847,7.5838795,35.09366,33.217102,1.8765564,70.616135,73.15847,2.5423355,63.611958,59.486713,4.125244
vP1Sh-jJNg7AjHabR7sf1WRlUEiFa-Gke4hTuQkzhmQ,e592747204dfb249e6833448ced848b2,162.0,0,106.76409,95.6802,11.083893,99.647934,82.51921,17.128723,116.7282,97.72414,19.004066,58.650314,51.67202,6.9782944,38.634556,35.559288,3.0752678,23.449266,22.46675,0.98251724,46.427383,46.1583,0.26908493,26.95267,24.589588,2.363081,16.178585,15.465998,0.71258736,36.192726,28.606857,7.585869,35.09366,33.21576,1.8778992,70.616135,73.16336,2.547226,63.611958,59.496483,4.1154747
vP1Sh-jJNg7AjHabR7sf1WRlUEiFa-Gke4hTuQkzhmQ,42139e5985c30faffb9f5d944668d910,162.0,0,106.76409,95.66333,11.100761,99.647934,82.50613,17.141808,116.7282,97.71431,19.013893,58.650314,51.664024,6.98629,38.634556,35.55465,3.0799065,23.449266,22.463991,0.98527527,46.427383,46.155155,0.27222824,26.95267,24.581474,2.3711948,16.178585,15.464528,0.71405697,36.192726,28.5989,7.5938263,35.09366,33.210396,1.8832626,70.616135,73.14869,2.5325546,63.611958,59.486713,4.125244
vP1Sh-jJNg7AjHabR7sf1WRlUEiFa-Gke4hTuQkzhmQ,d254c4a80fc3149acfced0f0d2c1a469,162.0,0,106.76409,95.65209,11.1119995,99.647934,82.49959,17.148346,116.7282,97.72905,18.999153,58.650314,51.662693,6.9876213,38.634556,35.551556,3.0830002,23.449266,22.461235,0.9880314,46.427383,46.14572,0.281662,26.95267,24.582827,2.3698425,16.178585,15.462325,0.71625996,36.192726,28.599895,7.5928307,35.09366,33.206375,1.8872833,70.616135,73.13891,2.5227737,63.611958,59.467175,4.144783
vP1Sh-jJNg7AjHabR7sf1WRlUEiFa-Gke4hTuQkzhmQ,04016043ca2efd75939a0d7d65c6d99d,162.0,0,106.76409,95.65209,11.1119995,99.647934,82.49959,17.148346,116.7282,97.72905,18.999153,58.650314,51.662693,6.9876213,38.634556,35.551556,3.0830002,23.449266,22.461235,0.9880314,46.427383,46.14572,0.281662,26.95267,24.582827,2.3698425,16.178585,15.462325,0.71625996,36.192726,28.599895,7.5928307,35.09366,33.206375,1.8872833,70.616135,73.13891,2.5227737,63.611958,59.467175,4.144783
vP1Sh-jJNg7AjHabR7sf1WRlUEiFa-Gke4hTuQkzhmQ,fb3a1e7f4adf41085cd58497a80edb22,162.0,0,106.76409,95.657715,11.106377,99.647934,82.50613,17.141808,116.7282,97.73396,18.99424,58.650314,51.660027,6.990288,38.634556,35.551556,3.0830002,23.449266,22.460316,0.9889507,46.427383,46.14258,0.2848053,26.95267,24.582827,2.3698425,16.178585,15.462325,0.71625996,36.192726,28.601885,7.5908413,35.09366,33.206375,1.8872833,70.616135,73.13402,2.5178833,63.611958,59.467175,4.144783
vP1Sh-jJNg7AjHabR7sf1WRlUEiFa-Gke4hTuQkzhmQ,2318be67aed8489914fd5c4cd8695af6,162.0,0,106.76409,95.65209,11.1119995,99.647934,82.49959,17.148346,116.7282,97.72905,18.999153,58.650314,51.662693,6.9876213,38.634556,35.551556,3.0830002,23.449266,22.461235,0.9880314,46.427383,46.14572,0.281662,26.95267,24.582827,2.3698425,16.178585,15.462325,0.71625996,36.192726,28.599895,7.5928307,35.09366,33.206375,1.8872833,70.616135,73.13891,2.5227737,63.611958,59.467175,4.144783
vP1Sh-jJNg7AjHabR7sf1WRlUEiFa-Gke4hTuQkzhmQ,b05392bef32d19da7fc7dfd298b8a980,162.0,0,106.76409,95.685814,11.078278,99.647934,82.52576,17.122177,116.7282,97.72905,18.999153,58.650314,51.67069,6.9796257,38.634556,35.559288,3.0752678,23.449266,22.467667,0.9815998,46.427383,46.16144,0.26594162,26.95267,24.592293,2.3603764,16.178585,15.466732,0.711853,36.192726,28.610836,7.58189,35.09366,33.219784,1.8738747,70.616135,73.16825,2.5521164,63.611958,59.506252,4.1057053
vP1Sh-jJNg7AjHabR7sf1WRlUEiFa-Gke4hTuQkzhmQ,72f61faabb13442f4c397e2be0e4fd7e,162.0,0,106.76409,95.6802,11.083893,99.647934,82.51921,17.128723,116.7282,97.72414,19.004066,58.650314,51.668022,6.982292,38.634556,35.5562,3.0783577,23.449266,22.46675,0.98251724,46.427383,46.16144,0.26594162,26.95267,24.588236,2.3644333,16.178585,15.466732,0.711853,36.192726,28.607853,7.584873,35.09366,33.21844,1.8752174,70.616135,73.16336,2.547226,63.611958,59.50137,4.110588
vP1Sh-jJNg7AjHabR7sf1WRlUEiFa-Gke4hTuQkzhmQ,5c9f13c7323bb992be80f6a3949ffd59,162.0,0,106.76409,95.6802,11.083893,99.647934,82.50613,17.141808,116.7282,97.73396,18.99424,58.650314,51.658695,6.991619,38.634556,35.5562,3.0783577,23.449266,22.460316,0.9889507,46.427383,46.148865,0.27851868,26.95267,24.582827,2.3698425,16.178585,15.464528,0.71405697,36.192726,28.599895,7.5928307,35.09366,33.21174,1.8819199,70.616135,73.13891,2.5227737,63.611958,59.467175,4.144783
vP1Sh-jJNg7AjHabR7sf1WRlUEiFa-Gke4hTuQkzhmQ,1a2bbdb164468cdae81ba230edebcd54,162.0,0,106.76409,95.6802,11.083893,99.647934,82.52576,17.122177,116.7282,97.73888,18.989326,58.650314,51.669353,6.980961,38.634556,35.559288,3.0752678,23.449266,22.46583,0.9834366,46.427383,46.1583,0.26908493,26.95267,24.59094,2.3617287,16.178585,15.466732,0.711853,36.192726,28.610836,7.58189,35.09366,33.219784,1.8738747,70.616135,73.16336,2.547226,63.611958,59.496483,4.1154747
p_yVcHIa8_0dKhYnZw7I5Ye4ilVTfGUp4pwqdcjGKZg,76edcf787d25cfce56e06b9e61fb5a22,171.0,1,124.497604,101.469246,23.028358,116.264404,88.15366,28.11074,109.88444,100.46229,9.42215,54.56948,53.348343,1.221138,41.585606,37.150352,4.435253,23.63746,24.13289,0.49543,49.543324,49.551247,0.007923126,30.24593,26.434086,3.8118439,17.7003,16.488087,1.2122135,35.93432,30.629637,5.304682,40.24461,35.847054,4.3975563,79.16937,78.214935,0.95443726,67.17524,64.76588,2.4093628
72e6xpPgFKeAYYBN_LHxJRrZcwx9fD4-ixWA5ZZw9zs,7c5e608e7eb0ecad098d481e66e804f3,158.65,0,107.7097,94.882095,12.827606,100.01913,81.88462,18.134506,112.388695,97.37527,15.013428,62.246742,51.468143,10.778599,41.61857,35.361347,6.257221,26.255537,22.256298,3.999239,43.315845,45.708652,2.392807,27.151224,24.36378,2.787445,17.13424,15.345557,1.788682,34.014664,28.329334,5.6853294,34.702774,32.891285,1.8114891,70.57437,72.50314,1.928772,61.526012,58.827236,2.6987762
72e6xpPgFKeAYYBN_LHxJRrZcwx9fD4-ixWA5ZZw9zs,13d46eb3cb32ef91c6c1715b0f6fd307,158.65,0,107.7097,94.87085,12.838852,100.01913,81.86499,18.154137,112.388695,97.36544,15.023254,62.246742,51.462814,10.783928,41.61857,35.358257,6.260311,26.255537,22.25446,4.0010777,43.315845,45.702366,2.3865204,27.151224,24.355667,2.795557,17.13424,15.344089,1.7901506,34.014664,28.321375,5.693289,34.702774,32.88592,1.8168526,70.57437,72.48847,1.9141006,61.526012,58.812584,2.7134285
72e6xpPgFKeAYYBN_LHxJRrZcwx9fD4-ixWA5ZZw9zs,e21db670ed7cefb0f617d0ed3b249f46,158.65,0,107.7097,94.87647,12.833229,100.01913,81.878075,18.141052,112.388695,97.37035,15.018341,62.246742,51.465477,10.781265,41.61857,35.359802,6.258766,26.255537,22.256298,3.999239,43.315845,45.708652,2.392807,27.151224,24.359722,2.791502,17.13424,15.344823,1.7894163,34.014664,28.327343,5.6873207,34.702774,32.888603,1.8141708,70.57437,72.49825,1.9238815,61.526012,58.822353,2.703659
72e6xpPgFKeAYYBN_LHxJRrZcwx9fD4-ixWA5ZZw9zs,2812f819a52bdcc89bd1074ce5c904aa,158.65,0,107.7097,94.87647,12.833229,100.01913,81.878075,18.141052,112.388695,97.36544,15.023254,62.246742,51.465477,10.781265,41.61857,35.359802,6.258766,26.255537,22.256298,3.999239,43.315845,45.708652,2.392807,27.151224,24.359722,2.791502,17.13424,15.344823,1.7894163,34.014664,28.325356,5.689308,34.702774,32.888603,1.8141708,70.57437,72.49825,1.9238815,61.526012,58.822353,2.703659
72e6xpPgFKeAYYBN_LHxJRrZcwx9fD4-ixWA5ZZw9zs,3e13782b564cfc536fe128ac22712b6c,158.65,0,107.7097,94.87647,12.833229,100.01913,81.87154,18.14759,112.388695,97.37035,15.018341,62.246742,51.468143,10.778599,41.61857,35.362896,6.2556725,26.255537,22.256298,3.999239,43.315845,45.702366,2.3865204,27.151224,24.359722,2.791502,17.13424,15.344823,1.7894163,34.014664,28.325356,5.689308,34.702774,32.88592,1.8168526,70.57437,72.48847,1.9141006,61.526012,58.817467,2.7085457
72e6xpPgFKeAYYBN_LHxJRrZcwx9fD4-ixWA5ZZw9zs,1c14c80f35c55c477a3a1b29297f291c,158.65,0,107.7097,94.87647,12.833229,100.01913,81.87154,18.14759,112.388695,97.37035,15.018341,62.246742,51.465477,10.781265,41.61857,35.361347,6.257221,26.255537,22.256298,3.999239,43.315845,45.702366,2.3865204,27.151224,24.362427,2.7887974,17.13424,15.345557,1.788682,34.014664,28.327343,5.6873207,34.702774,32.891285,1.8114891,70.57437,72.49825,1.9238815,61.526012,58.822353,2.703659
72e6xpPgFKeAYYBN_LHxJRrZcwx9fD4-ixWA5ZZw9zs,bea162df38c02d892048c3eb97ef50cc,158.65,0,107.7097,94.87647,12.833229,100.01913,81.878075,18.141052,112.388695,97.37035,15.018341,62.246742,51.465477,10.781265,41.61857,35.361347,6.257221,26.255537,22.256298,3.999239,43.315845,45.70551,2.3896637,27.151224,24.362427,2.7887974,17.13424,15.345557,1.788682,34.014664,28.329334,5.6853294,34.702774,32.891285,1.8114891,70.57437,72.49825,1.9238815,61.526012,58.827236,2.6987762
72e6xpPgFKeAYYBN_LHxJRrZcwx9fD4-ixWA5ZZw9zs,3b9d083e185821252d4d96c14488a3a4,158.65,0,107.7097,94.87647,12.833229,100.01913,81.878075,18.141052,112.388695,97.36544,15.023254,62.246742,51.462814,10.783928,41.61857,35.359802,6.258766,26.255537,22.258137,3.9974003,43.315845,45.708652,2.392807,27.151224,24.359722,2.791502,17.13424,15.344823,1.7894163,34.014664,28.325356,5.689308,34.702774,32.888603,1.8141708,70.57437,72.49825,1.9238815,61.526012,58.827236,2.6987762
9Dd6Dz9YjZ4Ch6cyA4fFjjy4uY9HzV_CpAIbhDicJzc,85e34cf8a3d184132cef065f9f6e434b,157.5,0,112.192116,94.64041,17.551704,102.114044,81.6949,20.419144,117.26247,97.27208,19.990387,62.295517,51.404182,10.891335,35.9461,35.30104,0.6450577,21.65695,22.197483,0.54053307,46.929684,45.579735,1.3499489,26.601711,24.294819,2.3068924,15.408041,15.311041,0.09700012,33.394264,28.245777,5.148487,34.473892,32.79743,1.6764641,71.01535,72.307526,1.2921753,60.875977,58.631836,2.2441406
by41W0nzxt4Gf5nAI9Z0Tn6nAkLxmqj1XMQ8thKuxHU,df7be9084b2528dd5ac6d83a3b8326e5,165.5,0,125.19498,96.722786,28.47219,109.16603,83.43512,25.730911,109.11165,98.225334,10.886314,57.265076,51.967842,5.2972336,38.577408,35.83455,2.742859,23.277668,22.753475,0.5241928,49.16565,46.7573,2.408348,27.669308,24.914103,2.7552052,16.924824,15.637111,1.287713,37.553753,28.97888,8.574873,35.879055,33.664932,2.2141228,79.570465,74.06566,5.5048065,61.891586,60.412422,1.4791641
by41W0nzxt4Gf5nAI9Z0Tn6nAkLxmqj1XMQ8thKuxHU,51295f6a168015329f770a01d22dd3c3,165.5,0,125.19498,96.71998,28.474998,109.16603,83.43512,25.730911,109.11165,98.21305,10.898598,57.265076,51.959846,5.305229,38.577408,35.83223,2.7451782,23.277668,22.755314,0.5223541,49.16565,46.762016,2.403633,27.669308,24.910048,2.7592602,16.924824,15.637111,1.287713,37.553753,28.974901,8.578852,35.879055,33.663593,2.2154617,79.570465,74.0681,5.502365,61.891586,60.41975,1.4718361
by41W0nzxt4Gf5nAI9Z0Tn6nAkLxmqj1XMQ8thKuxHU,7f8d26394d6bd9fbc798545a9c8c8d3c,165.5,0,125.19498,96.722786,28.47219,109.16603,83.42857,25.737457,109.11165,98.225334,10.886314,57.265076,51.965176,5.2999,38.577408,35.83223,2.7451782,23.277668,22.752556,0.52511215,49.16565,46.75573,2.4099197,27.669308,24.9114,2.7579079,16.924824,15.637111,1.287713,37.553753,28.975897,8.577856,35.879055,33.66091,2.2181435,79.570465,74.06076,5.5097046,61.891586,60.407536,1.4840508
by41W0nzxt4Gf5nAI9Z0Tn6nAkLxmqj1XMQ8thKuxHU,e83d5c04b0377443f837d9e9b1263aa6,165.5,0,125.19498,96.71155,28.483429,109.16603,83.422035,25.743996,109.11165,98.225334,10.886314,57.265076,51.963844,5.3012314,38.577408,35.82914,2.7482681,23.277668,22.751638,0.5260296,49.16565,46.754158,2.4114914,27.669308,24.910048,2.7592602,16.924824,15.636376,1.2884474,37.553753,28.973907,8.579845,35.879055,33.66091,2.2181435,79.570465,74.05588,5.5145874,61.891586,60.405094,1.4864922
by41W0nzxt4Gf5nAI9Z0Tn6nAkLxmqj1XMQ8thKuxHU,bd3888e2671ddf02aa3f1a8e32bb1ea3,165.5,0,125.19498,96.71998,28.474998,109.16603,83.42857,25.737457,109.11165,98.217964,10.893684,57.265076,51.966507,5.2985687,38.577408,35.830685,2.7467232,23.277668,22.752556,0.52511215,49.16565,46.75573,2.4099197,27.669308,24.910048,2.7592602,16.924824,15.637111,1.287713,37.553753,28.97689,8.576862,35.879055,33.66091,2.2181435,79.570465,74.06321,5.5072556,61.891586,60.40998,1.4816055
by41W0nzxt4Gf5nAI9Z0Tn6nAkLxmqj1XMQ8thKuxHU,ff17aa70f613791efe23a2c909eafd07,165.5,0,125.19498,96.71998,28.474998,109.16603,83.43512,25.730911,109.11165,98.225334,10.886314,57.265076,51.967842,5.2972336,38.577408,35.833004,2.7444038,23.277668,22.753475,0.5241928,49.16565,46.7573,2.408348,27.669308,24.9114,2.7579079,16.924824,15.637111,1.287713,37.553753,28.97888,8.574873,35.879055,33.663593,2.2154617,79.570465,74.06321,5.5072556,61.891586,60.40998,1.4816055
by41W0nzxt4Gf5nAI9Z0Tn6nAkLxmqj1XMQ8thKuxHU,777d2f101616c556416c7fa2daccdc06,165.5,0,125.19498,96.71716,28.477814,109.16603,83.422035,25.743996,109.11165,98.21305,10.898598,57.265076,51.962513,5.3025627,38.577408,35.83223,2.7451782,23.277668,22.754395,0.52327347,49.16565,46.760445,2.4052048,27.669308,24.910048,2.7592602,16.924824,15.635641,1.2891827,37.553753,28.972912,8.580841,35.879055,33.663593,2.2154617,79.570465,74.06566,5.5048065,61.891586,60.417305,1.4742813
by41W0nzxt4Gf5nAI9Z0Tn6nAkLxmqj1XMQ8thKuxHU,f0af01a6f89f68960bcfc0dce9ab444b,165.5,0,125.19498,96.71716,28.477814,109.16603,83.42857,25.737457,109.11165,98.21551,10.896141,57.265076,51.963844,5.3012314,38.577408,35.82914,2.7482681,23.277668,22.754395,0.52327347,49.16565,46.763588,2.4020615,27.669308,24.907343,2.7619648,16.924824,15.635641,1.2891827,37.553753,28.974901,8.578852,35.879055,33.663593,2.2154617,79.570465,74.06566,5.5048065,61.891586,60.417305,1.4742813
59bc2767681516389ccf45da,15b6b76ff10700a348f7e8fddb99ed64,175.25,1,115.731316,103.29729,12.434029,112.243965,90.09628,22.147682,112.57652,101.5175,11.059021,56.56457,53.95864,2.6059303,38.119602,37.697395,0.42220688,25.27194,24.69256,0.57938004,50.834106,50.675186,0.15892029,29.01659,27.065369,1.9512215,17.912607,16.842522,1.0700855,34.894318,31.257269,3.6370487,37.292343,36.717964,0.57437897,79.76074,79.91469,0.15394592,69.211655,66.53333,2.6783218
59bc2767681516389ccf45da,a680c1eb583a788333bf8556a91680a4,175.25,1,115.731316,103.30642,12.424896,112.243965,90.11489,22.129074,112.57652,101.52856,11.047966,56.56457,53.965637,2.5989342,38.119602,37.70068,0.41892242,25.27194,24.697155,0.57478523,50.834106,50.683834,0.15027237,29.01659,27.071793,1.9447975,17.912607,16.845827,1.0667801,34.894318,31.261745,3.6325722,37.292343,36.724,0.5683441,79.76074,79.9318,0.17105865,69.211655,66.55409,2.6575623
59bc2767681516389ccf45da,95df1e4852f50abe5dd931a7e3af10b4,175.25,1,115.731316,103.28675,12.444565,112.243965,90.08729,22.156677,112.57652,101.51136,11.065163,56.56457,53.954643,2.6099281,38.119602,37.695847,0.42375565,25.27194,24.689802,0.58213806,50.834106,50.67047,0.16363525,29.01659,27.063341,1.953249,17.912607,16.841604,1.071003,34.894318,31.253788,3.6405296,37.292343,36.713272,0.57907104,79.76074,79.90857,0.14782715,69.211655,66.52845,2.6832047
59bc2767681516389ccf45da,7940a4ab7c6f5b2229594fdd7faff27b,175.25,1,115.731316,103.321175,12.410141,112.243965,90.125626,22.11834,112.57652,101.53593,11.040596,56.56457,53.973797,2.5907745,38.119602,37.70648,0.41312408,25.27194,24.698534,0.5734062,50.834106,50.68462,0.14948654,29.01659,27.077877,1.9387131,17.912607,16.847847,1.0647602,34.894318,31.266718,3.6275997,37.292343,36.729362,0.56298065,79.76074,79.9318,0.17105865,69.211655,66.55409,2.6575623
59bc2767681516389ccf45da,e723a02436c3e05229f23f97a730693d,175.25,1,115.731316,103.30642,12.424896,112.243965,90.10232,22.141647,112.57652,101.51996,11.056564,56.56457,53.96347,2.601101,38.119602,37.700874,0.41872787,25.27194,24.694857,0.5770836,50.834106,50.67833,0.15577698,29.01659,27.069763,1.9468269,17.912607,16.845367,1.0672398,34.894318,31.25876,3.6355572,37.292343,36.719975,0.5723686,79.76074,79.91958,0.15883636,69.211655,66.54188,2.669777
59bc2767681516389ccf45da,44b4921c8b1030e1cc18175baa1f589c,175.25,1,115.731316,103.301506,12.42981,112.243965,90.107735,22.13623,112.57652,101.5175,11.059021,56.56457,53.962807,2.6017647,38.119602,37.701065,0.41853714,25.27194,24.694857,0.5770836,50.834106,50.67912,0.15498734,29.01659,27.069763,1.9468269,17.912607,16.844725,1.0678825,34.894318,31.26075,3.6335678,37.292343,36.721317,0.57102585,79.76074,79.92202,0.16127777,69.211655,66.543106,2.6685486
59bc2767681516389ccf45da,e50c186d4cfa013d4e490868de608f29,175.25,1,115.731316,103.2987,12.432617,112.243965,90.10666,22.137306,112.57652,101.5175,11.059021,56.56457,53.96014,2.6044312,38.119602,37.698166,0.4214363,25.27194,24.694857,0.5770836,50.834106,50.67833,0.15577698,29.01659,27.069088,1.9475021,17.912607,16.844084,1.0685234,34.894318,31.257767,3.636551,37.292343,36.719975,0.5723686,79.76074,79.92202,0.16127777,69.211655,66.543106,2.6685486
59bc2767681516389ccf45da,7a163f40051975527e53e34630713866,175.25,1,115.731316,103.25795,12.473366,112.243965,90.05315,22.190819,112.57652,101.49171,11.084816,56.56457,53.933323,2.6312485,38.119602,37.682705,0.43689728,25.27194,24.680384,0.59155655,50.834106,50.656322,0.17778397,29.01659,27.04644,1.97015,17.912607,16.835178,1.0774288,34.894318,31.23986,3.654457,37.292343,36.69852,0.5938225,79.76074,79.876785,0.11604309,69.211655,66.494255,2.7173996
lYnZlP0DOfYTeYfFIaR6gxDDuamKtDqT6LX0fHjC8bk,b558071083a31440ead8fb7467c53510,187.0,1,113.843636,107.09811,6.745529,106.06092,94.278786,11.782135,116.68778,103.98171,12.70607,61.79034,55.3005,6.4898415,44.159935,38.868607,5.2913284,27.275896,25.880823,1.3950729,56.44117,53.013027,3.4281425,30.526024,28.418869,2.1071548,19.392159,17.612623,1.7795353,34.16193,32.53398,1.6279488,39.80372,38.538788,1.2649307,87.58372,83.46274,4.1209793,72.37832,70.26303,2.1152878
9yDE38ljye2XhcQc38xggbv64HwXDSbDkh5bb3lMNkU,f4b94046970db560959118312708f5dd,164.4,0,86.00697,96.363075,10.356102,72.33475,83.10801,10.773262,95.73676,98.04107,2.304306,49.35741,51.857243,2.4998322,32.581547,35.738674,3.1571274,22.048958,22.656061,0.60710335,47.49019,46.55606,0.9341278,24.853418,24.796467,0.056951523,15.166584,15.57689,0.41030598,26.957588,28.846584,1.8889961,32.585983,33.508057,0.92207336,77.86404,73.75511,4.108925,60.033897,60.09978,0.06588364
DDliBRlYFBCyG-UjlAVLiDG4nvRl8nodOUOtLxfu5Us,3726f1d1f33d61c8e6ac3963811061a0,162.0,0,106.601616,95.6802,10.921417,103.725975,82.52576,21.200218,111.06108,97.72905,13.332031,59.353645,51.67335,7.680294,41.463593,35.560837,5.9027557,24.615353,22.468586,2.1467667,45.675064,46.16144,0.48637772,29.725756,24.592293,5.133463,17.786234,15.466732,2.3195019,38.282135,28.608847,9.673288,35.735317,33.219784,2.5155334,71.52738,73.16825,1.6408691,63.099922,59.506252,3.59367
DDliBRlYFBCyG-UjlAVLiDG4nvRl8nodOUOtLxfu5Us,e4a8703859ac15bc5a7fe347f0945d75,162.0,0,106.601616,95.6802,10.921417,103.725975,82.52576,21.200218,111.06108,97.73396,13.327118,59.353645,51.668022,7.685623,41.463593,35.560837,5.9027557,24.615353,22.46491,2.1504421,45.675064,46.155155,0.4800911,29.725756,24.589588,5.1361675,17.786234,15.465262,2.3209715,38.282135,28.606857,9.675278,35.735317,33.217102,2.5182152,71.52738,73.15847,1.6310883,63.099922,59.486713,3.6132088
DDliBRlYFBCyG-UjlAVLiDG4nvRl8nodOUOtLxfu5Us,4f94ea6ff973eb97774e6a63145c38f6,162.0,0,106.601616,95.6802,10.921417,103.725975,82.52576,21.200218,111.06108,97.72414,13.336945,59.353645,51.67335,7.680294,41.463593,35.560837,5.9027557,24.615353,22.46675,2.1486034,45.675064,46.1583,0.4832344,29.725756,24.589588,5.1361675,17.786234,15.465998,2.3202362,38.282135,28.608847,9.673288,35.735317,33.21844,2.5168762,71.52738,73.16336,1.6359787,63.099922,59.496483,3.6034393
DDliBRlYFBCyG-UjlAVLiDG4nvRl8nodOUOtLxfu5Us,9f903495cf9e26f466151eea1fb190c1,162.0,0,106.601616,95.6802,10.921417,103.725975,82.51921,21.206764,111.06108,97.72414,13.336945,59.353645,51.67069,7.6829567,41.463593,35.559288,5.9043045,24.615353,22.46675,2.1486034,45.675064,46.1583,0.4832344,29.725756,24.589588,5.1361675,17.786234,15.465262,2.3209715,38.282135,28.606857,9.675278,35.735317,33.21844,2.5168762,71.52738,73.16336,1.6359787,63.099922,59.496483,3.6034393
DDliBRlYFBCyG-UjlAVLiDG4nvRl8nodOUOtLxfu5Us,64801efa8580ba4c6c1d49900bda665a,162.0,0,106.601616,95.6802,10.921417,103.725975,82.52576,21.200218,111.06108,97.72905,13.332031,59.353645,51.67069,7.6829567,41.463593,35.559288,5.9043045,24.615353,22.467667,2.147686,45.675064,46.1583,0.4832344,29.725756,24.59094,5.134815,17.786234,15.465998,2.3202362,38.282135,28.606857,9.675278,35.735317,33.21844,2.5168762,71.52738,73.16336,1.6359787,63.099922,59.50137,3.5985527
DDliBRlYFBCyG-UjlAVLiDG4nvRl8nodOUOtLxfu5Us,b75ed170c5be65994f8f2cad2c390056,162.0,0,106.601616,95.6802,10.921417,103.725975,82.52576,21.200218,111.06108,97.72905,13.332031,59.353645,51.67202,7.6816254,41.463593,35.559288,5.9043045,24.615353,22.468586,2.1467667,45.675064,46.16144,0.48637772,29.725756,24.592293,5.133463,17.786234,15.465998,2.3202362,38.282135,28.608847,9.673288,35.735317,33.219784,2.5155334,71.52738,73.16825,1.6408691,63.099922,59.50137,3.5985527
0wvZ5ZeHgraG0oQGr38yR75PmIG9-hXYnUWW0uJqWtE,8d806856ac283349b8d91acdee560f4e,165.0,0,112.38796,96.56261,15.825356,97.481155,83.284645,14.19651,111.89045,98.13934,13.751106,61.33961,51.90921,9.430401,37.305794,35.786613,1.5191803,22.549871,22.709364,0.1594925,47.887325,46.6724,1.2149239,27.629066,24.85596,2.7731056,17.154303,15.609938,1.5443649,33.67011,28.917208,4.752901,35.880844,33.59253,2.2883148,74.93449,73.92628,1.0082092,62.135628,60.275642,1.8599854
Q1mrhkvdeveFY2PVxxtCrR57IGVzOJsBhBJqR3bVL8c,8436fea4226c96511900f882f106f820,195.0,1,114.47433,108.24187,6.23246,104.68334,95.6232,9.0601425,114.20888,104.92391,9.2849655,58.94111,55.75489,3.1862183,39.977543,39.244385,0.7331581,26.994236,26.274155,0.7200813,55.296215,53.755096,1.5411186,30.76825,28.87319,1.8950596,19.346682,17.877739,1.4689426,33.524307,32.934853,0.58945465,41.165466,39.115337,2.050129,88.363464,84.60712,3.7563477,74.92191,71.48428,3.4376297
Q1mrhkvdeveFY2PVxxtCrR57IGVzOJsBhBJqR3bVL8c,4d89b28019481b91ce8405fedb7f1a70,195.0,1,114.47433,108.253105,6.221222,104.68334,95.63956,9.043785,114.20888,104.93374,9.275139,58.94111,55.765553,3.1755562,39.977543,39.249023,0.72851944,26.994236,26.27783,0.71640587,55.296215,53.761387,1.5348282,30.76825,28.882656,1.8855934,19.346682,17.880676,1.4660053,33.524307,32.93883,0.5854759,41.165466,39.1207,2.0447655,88.363464,84.6169,3.7465668,74.92191,71.50382,3.4180908
LqwmZFz9Zs0XAy0zY8sJEZuwuRFvikqWWqAZangX8fw,f42a12a98da383efb4ecd26369e25e6c,167.0,0,108.130646,97.23705,10.893593,99.133156,83.909424,15.223732,113.61138,98.485756,15.125626,59.639866,52.111755,7.5281105,41.80132,35.96754,5.8337784,24.665375,22.901434,1.7639408,46.755344,47.06702,0.31167603,28.411137,25.07636,3.334776,17.111246,15.725972,1.3852739,32.07169,29.162903,2.9087868,34.301712,33.89153,0.41018295,75.67902,74.53025,1.1487732,63.653065,60.88871,2.7643547
LqwmZFz9Zs0XAy0zY8sJEZuwuRFvikqWWqAZangX8fw,d011f603eab97b6ec56bf7321ce39614,167.0,0,108.130646,97.234245,10.8964,99.133156,83.902885,15.23027,113.61138,98.485756,15.125626,59.639866,52.11042,7.5294456,41.80132,35.96522,5.8360977,24.665375,22.900515,1.7648602,46.755344,47.06545,0.31010437,28.411137,25.075008,3.3361282,17.111246,15.725238,1.3860083,32.07169,29.160913,2.9107761,34.301712,33.89019,0.4115219,75.67902,74.52781,1.1512146,63.653065,60.88627,2.766796
K9zkdznI6sNRQAbGZyM9qavlSHz1QjDc4YT_Nk9SxNc,5ddd79c3a6eb5dcc253da2ce5d23f7c2,178.5,1,117.95995,104.59561,13.364342,104.68946,91.50408,13.185379,107.036896,102.31045,4.726448,56.900646,54.402706,2.49794,40.176105,38.090763,2.0853424,25.124907,25.091864,0.033042908,53.50667,51.472286,2.0343857,29.455824,27.51834,1.9374847,17.70672,17.100018,0.6067028,32.622536,31.69544,0.9270954,39.60736,37.33608,2.2712822,83.52814,81.122635,2.4055023,68.33258,67.800995,0.5315857
K9zkdznI6sNRQAbGZyM9qavlSHz1QjDc4YT_Nk9SxNc,2e2b6e0f1368f865e5b11b56f467ec57,178.5,1,117.95995,104.57875,13.381203,104.68946,91.479546,13.209915,107.036896,102.31536,4.7215347,56.900646,54.39904,2.501606,40.176105,38.08767,2.0884361,25.124907,25.08681,0.03809738,53.50667,51.46128,2.045391,29.455824,27.511578,1.9442463,17.70672,17.097448,0.609272,32.622536,31.690466,0.9320698,39.60736,37.328033,2.2793274,83.52814,81.10552,2.422615,68.33258,67.7839,0.54868317
s_KuB0FTrJowaJCSsCAvl-4zKP_oPTv3VjKQlyXI1z4,dede75f78989952cae2fce116c5c2d7c,162.4,0,126.44675,95.77013,30.67662,101.026405,82.60426,18.422142,108.68242,97.753624,10.928795,59.73488,51.689342,8.045536,41.34359,35.58558,5.758011,23.74242,22.493399,1.2490215,46.271767,46.221184,0.050582886,26.526743,24.612574,1.9141693,15.821582,15.480685,0.3408966,32.247562,28.63272,3.6148415,35.74425,33.257324,2.486927,77.13231,73.2465,3.8858109,61.373024,59.58441,1.7886124
s_KuB0FTrJowaJCSsCAvl-4zKP_oPTv3VjKQlyXI1z4,236b7b5f06f0fd94f6c868efbbbfa1e8,162.4,0,126.44675,95.78699,30.65976,101.026405,82.6108,18.415604,108.68242,97.77819,10.904228,59.73488,51.69734,8.03754,41.34359,35.587124,5.756466,23.74242,22.495237,1.2471828,46.271767,46.221184,0.050582886,26.526743,24.620687,1.9060555,15.821582,15.482888,0.33869362,32.247562,28.643661,3.603901,35.74425,33.26135,2.4829025,77.13231,73.25139,3.8809204,61.373024,59.58441,1.7886124
s_KuB0FTrJowaJCSsCAvl-4zKP_oPTv3VjKQlyXI1z4,4d25e4d625b3b4bc370f74835851d095,162.4,0,126.44675,95.78699,30.65976,101.026405,82.61735,18.409058,108.68242,97.77328,10.909142,59.73488,51.69867,8.036209,41.34359,35.588673,5.754917,23.74242,22.497076,1.2453442,46.271767,46.221184,0.050582886,26.526743,24.623392,1.9033508,15.821582,15.483623,0.3379593,32.247562,28.642668,3.6048946,35.74425,33.262688,2.4815636,77.13231,73.25628,3.87603,61.373024,59.594185,1.7788391
3A5Rcv9or0IWuBb1I_iDlORBsIfkkhLI1j8QK5uP6AE,4e620f90d1feea6714338607d1ed3a5a,165.0,1,114.899445,98.864174,16.03527,106.42778,85.499176,20.928604,108.14368,99.028725,9.114952,55.954605,52.51551,3.4390945,41.19293,36.402855,4.7900734,25.825869,23.35358,2.4722881,50.255432,47.963165,2.2922668,28.934002,25.550964,3.3830376,18.64852,16.000635,2.6478844,31.979733,29.715466,2.264267,38.863003,34.62898,4.234024,76.45086,75.80178,0.64907837,67.47817,62.27605,5.2021217
3A5Rcv9or0IWuBb1I_iDlORBsIfkkhLI1j8QK5uP6AE,73fd8d3e675741b9cb8731643db9eb2a,165.0,1,114.899445,98.85293,16.046516,106.42778,85.48282,20.944962,108.14368,99.01643,9.127243,55.954605,52.504852,3.4497528,41.19293,36.39899,4.7939377,25.825869,23.351744,2.474125,50.255432,47.963165,2.2922668,28.934002,25.54488,3.389122,18.64852,15.999533,2.6489868,31.979733,29.708502,2.2712307,38.863003,34.624954,4.2380486,76.45086,75.79933,0.6515274,67.47817,62.27361,5.204563
3A5Rcv9or0IWuBb1I_iDlORBsIfkkhLI1j8QK5uP6AE,b935a31e70900020fb3c527f4554fef4,165.0,1,114.899445,98.86136,16.038086,106.42778,85.48609,20.941689,108.14368,99.0238,9.119873,55.954605,52.506184,3.4484215,41.19293,36.39744,4.7954865,25.825869,23.352661,2.4732075,50.255432,47.967884,2.287548,28.934002,25.542852,3.3911495,18.64852,15.999533,2.6489868,31.979733,29.711983,2.2677498,38.863003,34.629646,4.2333565,76.45086,75.79933,0.6515274,67.47817,62.27605,5.2021217
3A5Rcv9or0IWuBb1I_iDlORBsIfkkhLI1j8QK5uP6AE,0c57c3b6153298c601b17f5b0bb8970b,165.0,1,114.899445,98.889465,16.00998,106.42778,85.5188,20.908981,108.14368,99.03364,9.110039,55.954605,52.532833,3.421772,41.19293,36.409042,4.783886,25.825869,23.360474,2.465395,50.255432,47.975746,2.279686,28.934002,25.559753,3.3742485,18.64852,16.004673,2.6438465,31.979733,29.727402,2.2523308,38.863003,34.638363,4.22464,76.45086,75.828674,0.62218475,67.47817,62.30536,5.1728134
3A5Rcv9or0IWuBb1I_iDlORBsIfkkhLI1j8QK5uP6AE,dcae41f95927f30da35c9f0389c1176c,165.0,1,114.899445,98.88384,16.015602,106.42778,85.5188,20.908981,108.14368,99.03364,9.110039,55.954605,52.51551,3.4390945,41.19293,36.408268,4.7846603,25.825869,23.356798,2.4690704,50.255432,47.977318,2.2781143,28.934002,25.553669,3.380333,18.64852,16.003204,2.6453152,31.979733,29.723423,2.2563095,38.863003,34.63501,4.227993,76.45086,75.82134,0.6295166,67.47817,62.293148,5.1850243
3A5Rcv9or0IWuBb1I_iDlORBsIfkkhLI1j8QK5uP6AE,6cea484ab9b966d1b4b508e896f64384,165.0,1,114.899445,98.872604,16.02684,106.42778,85.505714,20.922066,108.14368,99.03118,9.112495,55.954605,52.51951,3.4350967,41.19293,36.404404,4.7885246,25.825869,23.35496,2.470909,50.255432,47.971027,2.2844048,28.934002,25.551641,3.3823605,18.64852,16.001736,2.6467838,31.979733,29.720438,2.2592945,38.863003,34.63166,4.2313423,76.45086,75.814,0.6368561,67.47817,62.28582,5.1923523
3A5Rcv9or0IWuBb1I_iDlORBsIfkkhLI1j8QK5uP6AE,8a43e0d512e58d68fd6cea193f3a35f6,165.0,1,114.899445,98.864174,16.03527,106.42778,85.499176,20.928604,108.14368,99.02135,9.12233,55.954605,52.511513,3.4430923,41.19293,36.399765,4.7931633,25.825869,23.356339,2.46953,50.255432,47.971027,2.2844048,28.934002,25.55029,3.3837128,18.64852,16.001736,2.6467838,31.979733,29.712978,2.2667542,38.863003,34.62898,4.234024,76.45086,75.814,0.6368561,67.47817,62.290707,5.1874657
ExHvSn3DH-iqPCP5yp0dHLvKzR9chhSsrs-V5Nztrso,aa4fc08a53c52c08f54f8de71e6766e4,175.55,1,114.91963,103.41883,11.500801,99.67582,90.225365,9.450455,109.876686,101.59243,8.284256,59.97278,53.998283,5.974495,39.67371,37.733543,1.9401665,25.52171,24.72932,0.7923889,50.93462,50.748295,0.18632507,31.545197,27.1083,4.4368973,19.239347,16.867859,2.3714886,36.25862,31.297554,4.961067,39.36357,36.77495,2.588623,79.63227,80.02472,0.39244843,68.79355,66.651794,2.1417542
Xvtc1yn6vhpXIvF6FClUiuuE0lTTIgw6qR807od8xgo,88f8038ba6a3a36480a9648ed6d760a6,172.0,1,112.18255,101.90465,10.277901,97.04672,88.61898,8.427742,107.72641,100.70674,7.0196686,57.31333,53.495586,3.8177452,38.94115,37.278896,1.6622543,26.490276,24.267954,2.2223225,50.037994,49.823257,0.21473694,31.315718,26.58681,4.7289085,18.44739,16.573551,1.8738384,35.22683,30.783165,4.4436646,38.15121,36.05594,2.095272,78.765656,78.62696,0.13869476,68.49231,65.1982,3.2941132
Xvtc1yn6vhpXIvF6FClUiuuE0lTTIgw6qR807od8xgo,e8b1b1aa09ae91274b66d18c3c8bc27f,172.0,1,112.18255,101.8841,10.298447,97.04672,88.60181,8.444916,107.72641,100.689545,7.036865,57.31333,53.479595,3.8337364,38.94115,37.27252,1.6686325,26.490276,24.263962,2.2263145,50.037994,49.816578,0.22141647,31.315718,26.576561,4.7391567,18.44739,16.569788,1.8776016,35.22683,30.771849,4.454981,38.15121,36.046047,2.1051636,78.765656,78.61229,0.15336609,68.49231,65.18049,3.311821
Bwo4aB1FVh_V5rDzT7D64XUtIYW0ZjOAy6k67FYdICY,4776f3d77b3778cbb67f1439484d0d23,164.4,0,115.18218,96.36027,18.821915,100.689125,83.10146,17.587662,108.95348,98.03861,10.914871,55.538155,51.853245,3.6849098,40.458927,35.73558,4.7233467,22.952324,22.652386,0.2999382,46.925697,46.552917,0.37277985,26.313372,24.79241,1.5209618,17.135958,15.576156,1.559802,34.256245,28.842606,5.413639,33.216614,33.505375,0.28876114,75.15461,73.74533,1.4092789,61.76081,60.09001,1.6707993
Bwo4aB1FVh_V5rDzT7D64XUtIYW0ZjOAy6k67FYdICY,cfab84dd1e8d5076b418bdbce2429903,164.4,0,115.18218,96.371506,18.810677,100.689125,83.11455,17.574577,108.95348,98.04598,10.907501,55.538155,51.859905,3.6782494,40.458927,35.737125,4.7218018,22.952324,22.655144,0.29718018,46.925697,46.55606,0.36963654,26.313372,24.79782,1.5155525,17.135958,15.577624,1.5583334,34.256245,28.849567,5.4066772,33.216614,33.508057,0.29144287,75.15461,73.75511,1.399498,61.76081,60.09978,1.6610298
tnGB-cg-_pSmt7YQ3y3GNnX1smqoOnZBoYvHhIxFHQQ,2866a6464b1690ae7171757a04962560,180.5,1,114.778915,105.319244,9.459671,112.91728,92.30305,20.614235,108.794685,102.77371,6.020973,53.920696,54.65755,0.73685455,40.70845,38.31499,2.3934593,26.416904,25.31564,1.101265,51.80107,51.91407,0.11299896,28.888353,27.775923,1.1124306,18.979286,17.245428,1.7338581,30.811378,31.94014,1.1287613,38.765198,37.68603,1.0791664,82.47641,81.79508,0.6813278,72.502785,68.50199,4.0007935
29NvYTuuEKc1Xrym-L_6TZM91S72J5H3G45mDsFXTnc,aedb9daf4ebf96074edc7da466c92076,179.55,1,113.68846,104.984825,8.703636,108.17127,91.93505,16.236221,118.368774,102.56227,15.806503,63.23392,54.54179,8.692131,42.386852,38.212154,4.174698,26.611628,25.211794,1.3998337,50.844337,51.70654,0.8622017,29.20238,27.65761,1.5447693,17.328556,17.177496,0.1510601,35.605976,31.828732,3.7772446,38.187866,37.523792,0.66407394,80.40979,81.477196,1.0674057,72.631,68.17225,4.458748
29NvYTuuEKc1Xrym-L_6TZM91S72J5H3G45mDsFXTnc,756de63a7e17cba9e9160447f6655ade,179.55,1,113.68846,104.96937,8.719093,108.17127,91.91379,16.257484,118.368774,102.536476,15.832298,63.23392,54.532295,8.701626,42.386852,38.207516,4.1793365,26.611628,25.209036,1.4025917,50.844337,51.701824,0.8574867,29.20238,27.648146,1.5542336,17.328556,17.174559,0.15399742,35.605976,31.819778,3.7861977,38.187866,37.51441,0.6734581,80.40979,81.467415,1.0576248,72.631,68.16004,4.470955
29NvYTuuEKc1Xrym-L_6TZM91S72J5H3G45mDsFXTnc,d4ddb26596f26398cdc6a87ea3e9c106,179.55,1,113.68846,104.95813,8.730331,108.17127,91.90397,16.267303,118.368774,102.53617,15.832603,63.23392,54.528797,8.705124,42.386852,38.202877,4.183975,26.611628,25.20536,1.4062672,50.844337,51.69868,0.8543434,29.20238,27.645441,1.5569382,17.328556,17.17309,0.15546608,35.605976,31.81779,3.788187,38.187866,37.511726,0.67613983,80.40979,81.46008,1.050293,72.631,68.15515,4.4758453
29NvYTuuEKc1Xrym-L_6TZM91S72J5H3G45mDsFXTnc,9fe17d414b7515445641a85bb08d9fa1,179.55,1,113.68846,104.97218,8.716278,108.17127,91.92033,16.250946,118.368774,102.545685,15.82309,63.23392,54.531963,8.701958,42.386852,38.20674,4.180111,26.611628,25.209036,1.4025917,50.844337,51.701824,0.8574867,29.20238,27.650173,1.552206,17.328556,17.174192,0.15436363,35.605976,31.819778,3.7861977,38.187866,37.51709,0.67077637,80.40979,81.467415,1.0576248,72.631,68.16248,4.4685135
29NvYTuuEKc1Xrym-L_6TZM91S72J5H3G45mDsFXTnc,0804929db7e417cf86c113727a3809cd,179.55,1,113.68846,104.9497,8.738762,108.17127,91.88925,16.28202,118.368774,102.52142,15.847351,63.23392,54.527798,8.706123,42.386852,38.204422,4.1824303,26.611628,25.203522,1.4081059,50.844337,51.69239,0.848053,29.20238,27.640709,1.5616703,17.328556,17.169418,0.15913773,35.605976,31.81381,3.7921658,38.187866,37.5077,0.68016434,80.40979,81.4503,1.0405121,72.631,68.142944,4.4880524
29NvYTuuEKc1Xrym-L_6TZM91S72J5H3G45mDsFXTnc,7af0a3c9ba839acf1c4537280272b25a,179.55,1,113.68846,104.99045,8.698013,108.17127,91.93668,16.234589,118.368774,102.55828,15.810493,63.23392,54.54429,8.689632,42.386852,38.213703,4.173149,26.611628,25.21455,1.3970776,50.844337,51.711258,0.8669205,29.20238,27.66099,1.5413895,17.328556,17.179699,0.14885712,35.605976,31.828732,3.7772446,38.187866,37.525135,0.6627312,80.40979,81.489426,1.0796356,72.631,68.18446,4.446533
29NvYTuuEKc1Xrym-L_6TZM91S72J5H3G45mDsFXTnc,ee5413a1ca7eb72a96ab14217880e66b,179.55,1,113.68846,104.99606,8.692398,108.17127,91.93832,16.232956,118.368774,102.563194,15.80558,63.23392,54.54595,8.687969,42.386852,38.214474,4.1723785,26.611628,25.21455,1.3970776,50.844337,51.711258,0.8669205,29.20238,27.66099,1.5413895,17.328556,17.180067,0.148489,35.605976,31.83072,3.7752552,38.187866,37.527817,0.66004944,80.40979,81.48698,1.0771866,72.631,68.18202,4.4489746
29NvYTuuEKc1Xrym-L_6TZM91S72J5H3G45mDsFXTnc,11fafdd327ea7c85f18c4a49a36eedb3,179.55,1,113.68846,105.00731,8.681152,108.17127,91.964485,16.206787,118.368774,102.567184,15.80159,63.23392,54.51747,8.71645,42.386852,38.20674,4.180111,26.611628,25.209955,1.4016724,50.844337,51.722263,0.8779259,29.20238,27.65761,1.5447693,17.328556,17.179699,0.14885712,35.605976,31.829725,3.7762508,38.187866,37.527817,0.66004944,80.40979,81.462524,1.0527344,72.631,68.16248,4.4685135
29NvYTuuEKc1Xrym-L_6TZM91S72J5H3G45mDsFXTnc,4f7afd93b0e009db259d4673c2320f4a,179.55,1,113.68846,104.993256,8.695206,108.17127,91.928505,16.242767,118.368774,102.56442,15.804352,63.23392,54.53879,8.695129,42.386852,38.21293,4.1739235,26.611628,25.209955,1.4016724,50.844337,51.709686,0.8653488,29.20238,27.650848,1.5515308,17.328556,17.176027,0.15252876,35.605976,31.829725,3.7762508,38.187866,37.523792,0.66407394,80.40979,81.477196,1.0674057,72.631,68.167366,4.4636307
WQCNmdegEjLJopGh4wnLhlB59ODC54Nioo42UEKXxSY,28445d1aac214fa2d3cf17995c0efc7c,158.65,0,115.24358,94.87085,20.372734,116.040436,81.87154,34.1689,121.469986,97.36053,24.109459,44.23441,51.43616,7.2017517,31.13885,35.355164,4.2163143,22.896746,22.248947,0.64779854,46.303116,45.714943,0.5881729,23.795765,24.339441,0.5436764,14.669552,15.342619,0.6730671,30.018368,28.315407,1.702961,33.614735,32.88592,0.7288132,71.20145,72.47869,1.2772446,61.642555,58.797928,2.8446274
WQCNmdegEjLJopGh4wnLhlB59ODC54Nioo42UEKXxSY,1e2b85da5abeab1c9e547c3444774657,158.65,0,115.24358,94.88771,20.355873,116.040436,81.878075,34.16236,121.469986,97.38018,24.089806,44.23441,51.446823,7.212414,31.13885,35.35671,4.2178593,22.896746,22.250784,0.64596176,46.303116,45.718086,0.5850296,23.795765,24.3462,0.550436,14.669552,15.343353,0.6738014,30.018368,28.325356,1.6930122,33.614735,32.891285,0.7234497,71.20145,72.48358,1.282135,61.642555,58.80281,2.8397446
1BrP3UbGJXblnMCCmaNTIbGGRJ6SqexqQoEqqFU6z_M,609fb222ce6591bb0ec1478560e72689,176.5,1,118.84409,103.82561,15.018486,110.428116,90.663,19.765114,110.22251,101.83075,8.391762,55.17718,54.137573,1.039608,42.418312,37.857254,4.561058,27.247799,24.852465,2.3953342,51.389874,50.998272,0.39160156,30.502823,27.24622,3.2566032,19.211061,16.945797,2.2652645,34.77658,31.436317,3.3402634,38.644268,36.968025,1.6762428,80.22701,80.40251,0.17549896,68.262924,67.041374,1.22155
IsQFJLfyQDwpkDNLiJ6IBIwizzxKW3YAzl_4qgPap3M,6b666beaf4d4dcc595431e5c78572d75,165.0,0,101.07512,96.55136,4.523758,93.41423,83.284645,10.129585,114.51114,98.13689,16.374252,59.888683,51.915874,7.972809,41.17205,35.786613,5.385437,24.473324,22.708445,1.7648792,46.65073,46.666115,0.015384674,25.558777,24.857313,0.7014637,16.581446,15.609203,0.97224236,32.925373,28.918203,4.0071697,34.01206,33.59253,0.41952896,74.190216,73.92139,0.26882935,63.906082,60.270756,3.6353264
IsQFJLfyQDwpkDNLiJ6IBIwizzxKW3YAzl_4qgPap3M,dc71d2273c71724139f023c1bc4e4b56,165.0,0,101.07512,96.55136,4.523758,93.41423,83.284645,10.129585,114.51114,98.13689,16.374252,59.888683,51.91454,7.974144,41.17205,35.786613,5.385437,24.473324,22.708445,1.7648792,46.65073,46.666115,0.015384674,25.558777,24.85596,0.702816,16.581446,15.608469,0.9729767,32.925373,28.916214,4.009159,34.01206,33.591187,0.42087173,74.190216,73.91894,0.27127838,63.906082,60.265873,3.6402092
_HX6htU4qfGZb8nNmz4VckuRaH9YVs9bq5JFo89yV2k,260a18cd6326202d6c388a48f315a05e,178.0,1,113.61762,104.39749,9.220131,101.04793,91.29064,9.757286,110.43826,102.17962,8.258644,58.07765,54.336246,3.7414017,39.3407,38.032772,1.3079262,25.557497,25.03029,0.5272064,57.011875,51.351227,5.6606483,29.574116,27.444647,2.129469,17.484236,17.057425,0.42681122,32.264374,31.628794,0.63558006,39.074005,37.24356,1.8304443,86.5377,80.93436,5.60334,68.76684,67.59827,1.1685715
XbtZkUysOe4F1PjI7R9xyAdu6z40H9L4h_UzcOjimXw,de230e51f30dc4cc0820c4475beb357a,170.5,1,113.68533,101.23881,12.446526,102.43707,87.91651,14.520561,107.06261,100.32348,6.739128,56.42609,53.27372,3.1523705,40.88292,37.08347,3.79945,26.779936,24.066149,2.713787,48.853035,49.41341,0.5603752,29.592022,26.356337,3.2356853,18.39758,16.446043,1.9515362,35.179466,30.549297,4.630169,37.260494,35.73758,1.5229149,78.14475,78.00526,0.13949585,65.15777,64.5546,0.6031647
XbtZkUysOe4F1PjI7R9xyAdu6z40H9L4h_UzcOjimXw,ae9eb476f9e59de7d54c8a142c30a70f,170.5,1,113.68533,101.24372,12.441612,102.43707,87.92142,14.5156555,107.06261,100.32839,6.734215,56.42609,53.27572,3.1503716,40.88292,37.085014,3.797905,26.779936,24.067183,2.7127533,48.853035,49.41449,0.5614548,29.592022,26.360224,3.2317982,18.39758,16.44696,1.9506187,35.179466,30.551785,4.6276817,37.260494,35.739925,1.5205688,78.14475,78.01137,0.1333847,65.15777,64.5601,0.5976715
E7yXJPyBXY7qQ6ec2BR24Qp7P46IzFTodv9yt3RDrfc,ac291e142f71458040f8f83561f121f3,171.5,1,112.96915,101.68001,11.289139,107.37858,88.374466,19.004112,110.543564,100.5753,9.968262,57.17228,53.419632,3.7526474,38.455757,37.213562,1.2421951,25.402914,24.199984,1.2029305,51.100887,49.68466,1.4162254,26.660856,26.506975,0.15388107,16.594791,16.53013,0.064661026,32.301178,30.702219,1.598959,38.08623,35.946495,2.1397362,77.16058,78.4135,1.2529144,68.40054,64.97761,3.4229355
E7yXJPyBXY7qQ6ec2BR24Qp7P46IzFTodv9yt3RDrfc,9326695bf62926ec22690f576a633bba,171.5,1,112.96915,101.6772,11.291946,107.37858,88.372826,19.005753,110.543564,100.57039,9.973175,57.17228,53.417633,3.7546463,38.455757,37.212303,1.243454,25.402914,24.198973,1.2039413,51.100887,49.68412,1.4167671,26.660856,26.50613,0.15472603,16.594791,16.529305,0.06548691,32.301178,30.700665,1.6005135,38.08623,35.94599,2.1402397,77.16058,78.412346,1.2517624,68.40054,64.975685,3.424858
Zd4gM5Soy9BQMXPyqeH-bbSV_Tl-RAfVSEui_pDGfeU,e6edf64c8e832a1bb93ebe5b945f29dd,168.7,1,111.43074,100.41822,11.01252,100.34359,87.06112,13.282471,104.97813,99.864044,5.1140823,53.10597,53.001217,0.10475159,41.890007,36.842808,5.0471992,24.955908,23.819054,1.1368542,50.319695,48.91316,1.4065361,29.692444,26.072218,3.620226,18.46632,16.290352,2.1759682,34.17904,30.260567,3.9184723,37.788433,35.35134,2.4370918,76.73385,77.238976,0.50512695,66.58613,63.761703,2.8244247
hjX3l7ri3GYLUjX_BG6mAdOGDvG6fEUEKHDOeqbPUZI,8056bdc709ced849797d0f7aac16f326,179.5,1,108.442184,104.96094,3.481247,102.26542,91.902336,10.363083,106.52817,102.54661,3.9815598,58.52602,54.530296,3.9957237,41.86056,38.202877,3.6576843,27.23293,25.203522,2.0294075,49.859505,51.695534,1.836029,29.433498,27.647469,1.7860298,18.826077,17.17309,1.6529865,33.823223,31.818785,2.0044384,38.547096,37.511726,1.0353699,79.05043,81.46008,2.4096527,71.53405,68.15027,3.3837814
hjX3l7ri3GYLUjX_BG6mAdOGDvG6fEUEKHDOeqbPUZI,7399d0e3be14a56d6926d8fb7fc708fc,179.5,1,108.442184,104.94127,3.5009155,102.26542,91.88271,10.382706,106.52817,102.529106,3.9990616,58.52602,54.519135,4.0068855,41.86056,38.197464,3.6630974,27.23293,25.198927,2.0340023,49.859505,51.68453,1.8250237,29.433498,27.640032,1.7934666,18.826077,17.169052,1.6570244,33.823223,31.811821,2.0114021,38.547096,37.50234,1.0447578,79.05043,81.44541,2.3949814,71.53405,68.138054,3.395996
hAjtL0vRWlY3-AgvjiphhV__7HHDECKI5J7E35ypAPc,7692d51825a7e827d5554b4efab79488,175.25,1,108.86958,103.25935,5.6102295,97.26692,90.04987,7.2170486,105.32933,101.507675,3.8216553,59.781075,53.951145,5.8299294,40.848732,37.689083,3.159649,25.60847,24.680384,0.92808723,49.994843,50.65396,0.65911865,29.467928,27.05151,2.416418,17.246647,16.835361,0.4112854,34.332718,31.244337,3.0883808,37.879856,36.699863,1.1799927,79.63896,79.886566,0.24760437,67.141045,66.50524,0.6358032
hAjtL0vRWlY3-AgvjiphhV__7HHDECKI5J7E35ypAPc,73d1d4a59b27ba3f551cce12a7319fa4,175.25,1,108.86958,103.305016,5.5645676,97.26692,90.105896,7.161026,105.32933,101.52487,3.8044586,59.781075,53.964138,5.8169365,40.848732,37.699326,3.1494064,25.60847,24.695316,0.9131546,49.994843,50.679905,0.6850624,29.467928,27.06875,2.3991776,17.246647,16.844818,0.40182877,34.332718,31.259258,3.0734596,37.879856,36.721317,1.1585388,79.63896,79.92447,0.2855072,67.141045,66.54677,0.5942764
hAjtL0vRWlY3-AgvjiphhV__7HHDECKI5J7E35ypAPc,e705207a8e2bc8931f45ed73c325c8c4,175.25,1,108.86958,103.309235,5.5603485,97.26692,90.11433,7.1525955,105.32933,101.53347,3.7958603,59.781075,53.966637,5.814438,40.848732,37.70165,3.1470833,25.60847,24.695776,0.91269493,49.994843,50.682262,0.6874199,29.467928,27.072805,2.3951225,17.246647,16.846102,0.40054512,34.332718,31.262243,3.0704746,37.879856,36.724,1.1558571,79.63896,79.92813,0.2891693,67.141045,66.55043,0.5906143
hAjtL0vRWlY3-AgvjiphhV__7HHDECKI5J7E35ypAPc,a6e6e9bbd60fca05f86d405e056a6f88,175.25,1,108.86958,103.29729,5.572296,97.26692,90.099655,7.167267,105.32933,101.52119,3.8081436,59.781075,53.95964,5.821434,40.848732,37.696815,3.1519165,25.60847,24.69302,0.91545105,49.994843,50.677544,0.6827011,29.467928,27.065369,2.4025593,17.246647,16.843164,0.40348244,34.332718,31.259756,3.0729618,37.879856,36.719303,1.160553,79.63896,79.9208,0.28183746,67.141045,66.53944,0.6016083
59bc2764681516389ccf44e2,4b014f85c420b2d52d9e9a81788a407e,165.4,0,106.963905,96.68344,10.280464,98.415855,83.39587,15.019989,107.12471,98.210594,8.914116,60.333515,51.95185,8.381664,38.596825,35.81986,2.776966,24.085938,22.743366,1.3425713,47.46191,46.740005,0.72190475,25.282492,24.897877,0.38461494,15.209181,15.630501,0.42131996,31.116005,28.964954,2.1510506,33.935223,33.64482,0.29040146,76.73057,74.03387,2.696701,62.785892,60.38067,2.4052238
59bc2764681516389ccf44e2,b1a32615a5ca831ca0549f465de049a2,165.4,0,106.963905,96.677826,10.286079,98.415855,83.39587,15.019989,107.12471,98.20568,8.919029,60.333515,51.947853,8.385662,38.596825,35.819088,2.7777367,24.085938,22.74153,1.344408,47.46191,46.736862,0.72504807,25.282492,24.895174,0.38731766,15.209181,15.629766,0.42058563,31.116005,28.962965,2.15304,33.935223,33.64348,0.29174423,76.73057,74.02653,2.7040405,62.785892,60.37334,2.4125519
59bc2764681516389ccf44e2,18bec730baec02bc153f9a9fa6336edc,165.4,0,106.963905,96.66658,10.297325,98.415855,83.38278,15.033073,107.12471,98.195854,8.928856,60.333515,51.947853,8.385662,38.596825,35.816765,2.7800598,24.085938,22.73969,1.3462467,47.46191,46.729,0.73291016,25.282492,24.891117,0.3913746,15.209181,15.627563,0.41838264,31.116005,28.95799,2.1580143,33.935223,33.636776,0.29844666,76.73057,74.014305,2.7162628,62.785892,60.36113,2.4247627
GU8lJ9LgrxgM63ZPI7aLxUPqFtBQV0GCwrBbd-Q9alc,aabfaf5fe33ed2c36a8579d3cbfc84c7,167.2,1,108.5222,99.77749,8.744713,103.64513,86.40854,17.236588,105.373924,99.51763,5.8562927,54.588634,52.800674,1.78796,40.31967,36.66072,3.6589508,25.58987,23.625605,1.9642658,47.90875,48.519722,0.61097336,27.172739,25.857225,1.3155136,16.698372,16.170279,0.52809334,30.531012,30.036757,0.49425507,37.418274,35.054684,2.3635902,74.63097,76.647835,2.0168686,66.46813,63.149246,3.3188858
GU8lJ9LgrxgM63ZPI7aLxUPqFtBQV0GCwrBbd-Q9alc,6476eded7ae877aa1beb83420ab419a5,167.2,1,108.5222,99.80981,8.712395,103.64513,86.431435,17.213692,105.373924,99.537285,5.8366394,54.588634,52.81,1.7786331,40.31967,36.668064,3.6516075,25.58987,23.627901,1.9619694,47.90875,48.530727,0.62197876,27.172739,25.86331,1.3094292,16.698372,16.17395,0.5244217,30.531012,30.050186,0.48082542,37.418274,35.0634,2.3548737,74.63097,76.662506,2.03154,66.46813,63.157795,3.310337
GU8lJ9LgrxgM63ZPI7aLxUPqFtBQV0GCwrBbd-Q9alc,433fce3a670b074422c3be8068a2f274,167.2,1,108.5222,99.780304,8.741898,103.64513,86.415085,17.230042,105.373924,99.522545,5.8513794,54.588634,52.800674,1.78796,40.31967,36.66072,3.6589508,25.58987,23.626524,1.9633465,47.90875,48.521294,0.612545,27.172739,25.85993,1.312809,16.698372,16.171013,0.527359,30.531012,30.039742,0.49127007,37.418274,35.054016,2.3642578,74.63097,76.652725,2.021759,66.46813,63.15535,3.3127823
hHL5Lxcqd34jCxO2g45S16J3J9dqVWxJmM5B0HEmULE,5308eb8e398cdab7c70641ae5266c2f8,164.2,0,103.66728,96.30406,7.36322,97.80674,83.06221,14.74453,109.803696,98.01896,11.784737,59.419827,51.849247,7.5705795,39.38314,35.72321,3.6599312,23.05851,22.638601,0.41990852,49.016815,46.516758,2.5000572,24.826069,24.781593,0.044475555,15.692057,15.568077,0.12397957,30.367569,28.830667,1.5369015,33.921555,33.482582,0.43897247,77.10052,73.70376,3.396759,61.195557,60.046047,1.1495094
DchX-kL5Vq9LfgQfd4f5iRmcJVFniRcRtBPpfv5dEaY,7cf3081cf692c302512f2176eedd7d6a,172.0,1,109.30267,101.90588,7.3967896,101.63601,88.61325,13.0227585,112.49857,100.70674,11.791832,60.613937,53.49292,7.1210175,38.71647,37.2817,1.4347687,23.96346,24.266663,0.30320168,48.79656,49.820114,1.0235558,27.685598,26.584356,1.1012421,17.73878,16.573185,1.1655941,32.894684,30.781921,2.1127625,37.25145,36.053593,1.1978569,77.38589,78.62375,1.2378616,68.44639,65.191025,3.2553635
DchX-kL5Vq9LfgQfd4f5iRmcJVFniRcRtBPpfv5dEaY,553e20c87e3d3625b88a5c26727855f2,172.0,1,109.30267,101.91273,7.389946,101.63601,88.627975,13.008034,112.49857,100.711655,11.786919,60.613937,53.495586,7.118351,38.71647,37.28489,1.4315796,23.96346,24.26847,0.30500984,48.79656,49.824833,1.0282745,27.685598,26.58814,1.0974579,17.73878,16.574562,1.164217,32.894684,30.787144,2.1075401,37.25145,36.057613,1.1938362,77.38589,78.630775,1.2448883,68.44639,65.198044,3.2483444
HMwsrG2Hh4AHrLBd0NDL1ZXgEInQRxQGiN2RnT5c2n4,fdedff1164b3eadb0a8db8a7b7c78c79,180.0,1,109.64712,105.09724,4.549881,94.092575,92.0479,2.0446777,107.12518,102.616325,4.5088577,64.89487,54.56561,10.329258,40.39471,38.24154,2.1531715,26.709667,25.247635,1.4620323,50.767437,51.78515,1.0177116,29.634264,27.688034,1.9462299,17.99115,17.199162,0.7919884,34.79543,31.860561,2.9348679,39.85174,37.576084,2.2756577,76.75277,81.592125,4.8393555,73.08569,68.28705,4.798645
HMwsrG2Hh4AHrLBd0NDL1ZXgEInQRxQGiN2RnT5c2n4,406a4bf57edcac461061ae75ffb15d66,180.0,1,109.64712,105.12253,4.5245895,94.092575,92.07898,2.0135956,107.12518,102.643196,4.481987,64.89487,54.58593,10.308937,40.39471,38.25159,2.1431198,26.709667,25.254986,1.4546814,50.767437,51.794582,1.0271454,29.634264,27.702908,1.9313564,17.99115,17.205404,0.7857456,34.79543,31.872498,2.9229317,39.85174,37.58815,2.2635918,76.75277,81.61169,4.858917,73.08569,68.31148,4.7742157
Tmr6CYfbPz6eFTe9n_GhgP1TyZ9sCQryAXkgPFrO1J8,92b0dd9f5ed19f846d757b7b97ebead3,156.2,0,108.78936,94.43808,14.35128,99.2789,81.544426,17.734474,106.83199,97.17872,9.653275,53.41072,51.32956,2.0811615,38.216995,35.24073,2.976265,22.406174,22.13683,0.26934433,43.525974,45.46968,1.9437065,25.50788,24.227213,1.2806664,15.861709,15.280196,0.58151245,31.080029,28.162222,2.9178066,33.09818,32.70893,0.3892479,71.238434,72.12657,0.8881378,59.497967,58.441322,1.0566444
Tmr6CYfbPz6eFTe9n_GhgP1TyZ9sCQryAXkgPFrO1J8,8ae25daf71c29c69619befe767ff94a0,156.2,0,108.78936,94.42684,14.362518,99.2789,81.53789,17.741013,106.83199,97.16889,9.663101,53.41072,51.326897,2.0838242,38.216995,35.24073,2.976265,22.406174,22.13499,0.271183,43.525974,45.466537,1.9405632,25.50788,24.221804,1.2860756,15.861709,15.278728,0.5829811,31.080029,28.158243,2.9217854,33.09818,32.706253,0.3919258,71.238434,72.11679,0.87835693,59.497967,58.436436,1.0615311
E94UMPZc3-uMfYi-RQKaVTIq9gxZgdqrwYROrJoU2oc,a655da76996fb17cb9cf0334574b72a7,181.25,1,113.22719,105.56373,7.66346,99.181755,92.564735,6.6170197,111.25547,102.927216,8.328255,58.555603,54.744167,3.8114357,42.469055,38.38999,4.0790634,26.16533,25.391916,0.7734146,51.13762,52.065,0.9273796,32.006046,27.860432,4.1456146,18.231775,17.293898,0.93787766,36.304893,32.02071,4.2841835,37.915794,37.8,0.115795135,82.740845,82.02493,0.71591187,69.445076,68.7438,0.7012787
E94UMPZc3-uMfYi-RQKaVTIq9gxZgdqrwYROrJoU2oc,39b5ead1fe2933db618f63fe57a2f8f8,181.25,1,113.22719,105.54968,7.6775055,99.181755,92.55001,6.6317444,111.25547,102.91665,8.338821,58.555603,54.73784,3.8177643,42.469055,38.386127,4.0829277,26.16533,25.38824,0.7770901,51.13762,52.057137,0.9195175,32.006046,27.855022,4.151024,18.231775,17.29096,0.940815,36.304893,32.015736,4.289158,37.915794,37.793297,0.12249756,82.740845,82.00782,0.7330246,69.445076,68.72914,0.71593475
E94UMPZc3-uMfYi-RQKaVTIq9gxZgdqrwYROrJoU2oc,a129d3c3dd30c2ec5154af381e13ef73,181.25,1,113.22719,105.54406,7.6831284,99.181755,92.53857,6.6431885,111.25547,102.91841,8.337059,58.555603,54.726177,3.8294258,42.469055,38.38226,4.086796,26.16533,25.381807,0.78352356,51.13762,52.05085,0.9132309,32.006046,27.848263,4.1577835,18.231775,17.289124,0.94265175,36.304893,32.012753,4.292141,37.915794,37.78659,0.1292038,82.740845,81.9907,0.75014496,69.445076,68.71204,0.7330322
E94UMPZc3-uMfYi-RQKaVTIq9gxZgdqrwYROrJoU2oc,8349c5437d4d3bad6a795b6043052d70,181.25,1,113.22719,105.53001,7.6971817,99.181755,92.518936,6.662819,111.25547,102.907364,8.348106,58.555603,54.71918,3.836422,42.469055,38.37917,4.0898857,26.16533,25.37997,0.78536034,51.13762,52.04456,0.90694046,32.006046,27.842178,4.163868,18.231775,17.286186,0.94558907,36.304893,32.00778,4.2971153,37.915794,37.781227,0.13456726,82.740845,81.98337,0.7574768,69.445076,68.70228,0.74279785
tnzCZ2q_Aej8gIWj11YPJLlkCDOEqmDvuLwqyliQL4A,120a5f9ffc24ae4d1ec89f6d82b9c833,179.5,0,104.22343,102.479866,1.7435608,95.8279,89.244576,6.5833282,117.55414,101.36886,16.18528,60.47152,53.778748,6.692772,39.126465,37.48022,1.646244,24.762966,24.468784,0.29418182,49.512005,50.253056,0.7410507,26.437237,26.854942,0.41770554,17.436022,16.705221,0.7308006,31.844402,31.011326,0.8330765,34.601852,36.342873,1.7410202,84.28295,79.37184,4.91111,66.577065,65.86592,0.7111435
Yh-qLSNf_zUb88HuGuaWR7XwkpX-en5HAzgxqPoC2TM,a60c337065dcc44ba2b36f03089bbfe5,174.0,1,105.405754,102.763,2.6427536,100.10277,89.51935,10.58342,108.63035,101.20548,7.4248657,59.63137,53.77375,5.8576202,42.22658,37.535988,4.6905937,25.534483,24.52783,1.0066528,49.736294,50.34542,0.60912704,28.038027,26.878098,1.1599293,17.099966,16.73886,0.36110687,32.692837,31.073248,1.6195889,38.663555,36.459522,2.204033,74.590225,79.408516,4.8182907,71.60097,66.010635,5.590332
Yh-qLSNf_zUb88HuGuaWR7XwkpX-en5HAzgxqPoC2TM,ae2f098b2549828b20c6e0acf07ec355,174.0,1,105.405754,102.7781,2.627655,100.10277,89.549194,10.553574,108.63035,101.20794,7.422409,59.63137,53.79074,5.8406296,42.22658,37.54188,4.6847,25.534483,24.535872,0.99861145,49.736294,50.357998,0.6217041,28.038027,26.88976,1.1482677,17.099966,16.742943,0.35702324,32.692837,31.081453,1.6113834,38.663555,36.47226,2.1912956,74.590225,79.43848,4.8482513,71.60097,66.03995,5.56102
EApSPjEmc7qb4yp3y2p50Xiv6LaNsRds8TwVXx8h_6o,27325809bcc49f30e17498bb3bb5b964,162.0,0,108.12292,95.6802,12.4427185,100.75709,82.52576,18.23133,112.895355,97.72414,15.171219,54.85887,51.668022,3.1908493,34.668568,35.557743,0.8891754,22.195805,22.467667,0.27186203,47.862736,46.16144,1.701294,25.698692,24.589588,1.1091042,15.721778,15.466732,0.2550459,34.215664,28.609842,5.6058216,33.29991,33.21844,0.08147049,75.653175,73.16336,2.4898148,62.21414,59.50137,2.7127724
EApSPjEmc7qb4yp3y2p50Xiv6LaNsRds8TwVXx8h_6o,a31995182ea34ca2e3a23cf8fc241a9d,162.0,0,108.12292,95.6802,12.4427185,100.75709,82.52576,18.23133,112.895355,97.71922,15.176132,54.85887,51.665356,3.1935158,34.668568,35.5562,0.88763046,22.195805,22.46675,0.2709446,47.862736,46.16459,1.6981468,25.698692,24.585531,1.1131611,15.721778,15.465998,0.25578022,34.215664,28.604868,5.610796,33.29991,33.217102,0.08280945,75.653175,73.16336,2.4898148,62.21414,59.50137,2.7127724
EApSPjEmc7qb4yp3y2p50Xiv6LaNsRds8TwVXx8h_6o,8c7b3a3e6a81be11a0f6618e89804edc,162.0,0,108.12292,95.674576,12.448341,100.75709,82.51921,18.237877,112.895355,97.71431,15.181046,54.85887,51.664024,3.194847,34.668568,35.5562,0.88763046,22.195805,22.46583,0.27002525,47.862736,46.1583,1.7044373,25.698692,24.584179,1.1145134,15.721778,15.465262,0.2565155,34.215664,28.601885,5.613779,33.29991,33.21442,0.08549118,75.653175,73.15847,2.4947052,62.21414,59.496483,2.717659
EApSPjEmc7qb4yp3y2p50Xiv6LaNsRds8TwVXx8h_6o,f9243ffaceb9c71b4e7b75b68ef55b8f,162.0,0,108.12292,95.6802,12.4427185,100.75709,82.51921,18.237877,112.895355,97.72414,15.171219,54.85887,51.669353,3.189518,34.668568,35.560837,0.89226913,22.195805,22.46583,0.27002525,47.862736,46.155155,1.7075806,25.698692,24.588236,1.1104565,15.721778,15.466732,0.2550459,34.215664,28.605864,5.6098003,33.29991,33.21442,0.08549118,75.653175,73.15847,2.4947052,62.21414,59.4916,2.7225418
L8AV1kOMRp33zMsQyVZeFe95-Hl09uh5wFdYt4BRDZk,ca507a6460d143711c2a23a64eae10b8,159.5,0,114.56695,95.05633,19.51062,100.03969,82.00892,18.03077,114.60326,97.44406,17.159195,56.07449,51.50412,4.5703697,37.04687,35.404648,1.6422234,23.153208,22.30041,0.85279846,47.229206,45.80613,1.4230766,23.191849,24.404345,1.2124958,14.6615505,15.370526,0.7089758,35.116146,28.385036,6.7311096,32.671238,32.961006,0.28976822,77.154816,72.635185,4.5196304,59.194187,58.964016,0.2301712
pgzn5uA5mmZ0azyffDXXtJb5jnJMN_NeZL3kbGoCnvw,bec6e0074438f0e8c049776ff1967331,157.3,0,107.831184,94.61231,13.218872,102.14243,81.67527,20.467163,105.12319,97.26225,7.860939,47.853592,51.38819,3.5345993,33.485332,35.29176,1.806427,20.224949,22.182777,1.9578285,45.25914,45.55458,0.29544067,25.713593,24.279945,1.4336472,16.474949,15.305165,1.1697836,32.811077,28.225883,4.5851936,35.247604,32.778656,2.4689484,71.27583,72.263504,0.9876709,59.79252,58.58299,1.2095299
pgzn5uA5mmZ0azyffDXXtJb5jnJMN_NeZL3kbGoCnvw,3894ee04187a35ddb058b67412d90ac0,157.3,0,107.831184,94.617935,13.213249,102.14243,81.67527,20.467163,105.12319,97.26225,7.860939,47.853592,51.390858,3.5372658,33.485332,35.29176,1.806427,20.224949,22.184616,1.9596672,45.25914,45.560867,0.3017273,25.713593,24.279945,1.4336472,16.474949,15.305165,1.1697836,32.811077,28.227873,4.5832043,35.247604,32.781338,2.4662666,71.27583,72.2684,0.99256897,59.79252,58.58787,1.2046471
pgzn5uA5mmZ0azyffDXXtJb5jnJMN_NeZL3kbGoCnvw,b57c66e50a39242fb57800794c0446f0,157.3,0,107.831184,94.61231,13.218872,102.14243,81.67527,20.467163,105.12319,97.25734,7.8658524,47.853592,51.396187,3.542595,33.485332,35.29331,1.8079758,20.224949,22.188293,1.9633446,45.25914,45.56401,0.3048706,25.713593,24.286707,1.4268856,16.474949,15.307368,1.1675806,32.811077,28.231852,4.5792255,35.247604,32.7867,2.4609032,71.27583,72.283066,1.0072327,59.79252,58.612297,1.1802216
pgzn5uA5mmZ0azyffDXXtJb5jnJMN_NeZL3kbGoCnvw,22202b451fe8e2302e8b0b786e078cfc,157.3,0,107.831184,94.617935,13.213249,102.14243,81.67527,20.467163,105.12319,97.26225,7.860939,47.853592,51.390858,3.5372658,33.485332,35.29331,1.8079758,20.224949,22.188293,1.9633446,45.25914,45.567158,0.30801773,25.713593,24.284002,1.4295902,16.474949,15.307368,1.1675806,32.811077,28.23384,4.577236,35.247604,32.7867,2.4609032,71.27583,72.283066,1.0072327,59.79252,58.607414,1.1851044
pgzn5uA5mmZ0azyffDXXtJb5jnJMN_NeZL3kbGoCnvw,e35f778bc5d984918c67e6675dba4f0d,157.3,0,107.831184,94.617935,13.213249,102.14243,81.68181,20.460625,105.12319,97.25734,7.8658524,47.853592,51.38819,3.5345993,33.485332,35.29176,1.806427,20.224949,22.188293,1.9633446,45.25914,45.5703,0.31116104,25.713593,24.28265,1.4309425,16.474949,15.306634,1.1683149,32.811077,28.23384,4.577236,35.247604,32.7867,2.4609032,71.27583,72.283066,1.0072327,59.79252,58.602528,1.189991
jEmr6JUw2BDqbGO2XSMF9iFQhX8Zi5cX2_uTMlPm2Ec,1b050091c40edf7f506e1aed5773bc92,170.25,1,109.47059,101.13202,8.33857,100.14071,87.79875,12.341957,103.55551,100.26697,3.2885437,56.788525,53.237076,3.5514488,39.524807,37.05061,2.4741974,24.393665,24.031916,0.36174965,48.293316,49.345512,1.0521965,28.420353,26.31949,2.1008625,16.830687,16.42548,0.40520668,33.667873,30.5131,3.1547737,37.97022,35.68629,2.283928,74.15696,77.90317,3.7462082,66.78966,64.44835,2.3413086
jEmr6JUw2BDqbGO2XSMF9iFQhX8Zi5cX2_uTMlPm2Ec,1effbc58900ab0f3f492541cd0575628,170.25,1,109.47059,101.142555,8.328033,100.14071,87.81348,12.327232,103.55551,100.269424,3.286087,56.788525,53.247738,3.5407867,39.524807,37.056602,2.4682045,24.393665,24.037085,0.35658073,48.293316,49.35337,1.0600548,28.420353,26.326252,2.094101,16.830687,16.428051,0.40263557,33.667873,30.516487,3.1513863,37.97022,35.693165,2.2770538,74.15696,77.918144,3.7611847,66.78966,64.46331,2.3263474
8IApUAdxeNrjm_C51tKGJX8OQlNv56uHxpjkqqy06aU,3c9da8f3f85b32ff969338f24447bc23,169.5,1,110.22569,100.800415,9.425278,98.57084,87.456924,11.1139145,103.455154,100.07533,3.3798218,54.907257,53.132473,1.7747841,39.47583,36.957245,2.5185852,25.629137,23.9314,1.6977367,48.027943,49.140736,1.112793,30.211403,26.206417,4.004986,18.910503,16.361588,2.5489159,33.17261,30.39821,2.7744007,37.07778,35.529835,1.5479469,76.68529,77.592316,0.9070282,65.46374,64.12136,1.3423767
8IApUAdxeNrjm_C51tKGJX8OQlNv56uHxpjkqqy06aU,b56e81958dcc6a77621272506fd0c664,169.5,1,110.22569,100.808846,9.416847,98.57084,87.466736,11.104103,103.455154,100.080246,3.3749084,54.907257,53.132473,1.7747841,39.47583,36.95763,2.5182,25.629137,23.934387,1.6947498,48.027943,49.1482,1.1202583,30.211403,26.208447,4.0029564,18.910503,16.36324,2.547264,33.17261,30.402313,2.770298,37.07778,35.53386,1.5439224,76.68529,77.60637,0.92108154,65.46374,64.134796,1.3289413
59mUFymokrvWt9wC3f2QT8rLgfIH_7dZv9C_9lDGmk4,2a365ab45a1f00803a01f746cd60130d,166.5,1,107.84897,99.492256,8.356712,91.43156,86.123955,5.307602,102.53797,99.355484,3.1824875,55.82522,52.714058,3.1111603,39.04887,36.578373,2.4704971,24.876982,23.542435,1.334547,47.87707,48.34914,0.4720688,30.197397,25.763252,4.434145,17.011932,16.118137,0.893795,36.755245,29.936789,6.8184566,38.125977,34.920605,3.2053719,74.23923,76.38986,2.1506348,65.50237,62.885456,2.6169167
4hWg8IZAwsSeZ6s6h2ACZ2WkYPTe8yB48jPxJZwbiF4,322dc1d9420922331a7435454834ad7f,183.5,1,117.03355,106.24099,10.792557,102.75354,93.317085,9.436455,107.198006,103.37549,3.8225174,55.755913,54.98602,0.76989365,43.354965,38.59953,4.755436,27.048578,25.606962,1.441616,53.69509,52.48163,1.2134628,29.562277,28.103819,1.458458,18.366978,17.433065,0.9339123,34.369167,32.247505,2.1216621,40.904133,38.124477,2.7796555,82.6227,82.653366,0.030662537,70.83863,69.40816,1.4304733
2JkNVU9UJRCazg-N1KxN9shw34GLR3C8IYhIut92eiw,336ff3914a4700fabbc39851944ee7ea,169.8,1,106.14326,100.92265,5.220604,101.62666,87.592674,14.033989,106.71338,100.13921,6.5741653,56.497845,53.17578,3.3220634,39.679466,36.9932,2.6862679,23.346863,23.972984,0.6261215,49.610268,49.22249,0.38777924,30.304419,26.251545,4.0528736,18.29546,16.38674,1.90872,35.579746,30.442102,5.137644,37.38967,35.59185,1.797821,77.01444,77.71824,0.7037964,66.90764,64.25509,2.6525497
2JkNVU9UJRCazg-N1KxN9shw34GLR3C8IYhIut92eiw,4162e3e4562537323ce5d0f8111bf1b3,169.8,1,106.14326,100.92195,5.221306,101.62666,87.57959,14.047073,106.71338,100.13676,6.576622,56.497845,53.167786,3.330059,39.679466,36.99049,2.6889763,23.346863,23.971148,0.62428474,49.610268,49.22013,0.39013672,30.304419,26.243263,4.0611553,18.29546,16.38417,1.9112892,35.579746,30.436134,5.143612,37.38967,35.587322,1.8023491,77.01444,77.70785,0.69340515,66.90764,64.24226,2.6653748
59bc2764681516389ccf44c2,07b8cd30daae23f6b1b9280f8c2212f6,152.0,0,110.06675,93.81421,16.25254,88.65999,81.11919,7.540802,99.533356,96.96743,2.5659256,55.27676,51.214962,4.061798,37.889442,35.098457,2.790985,23.191673,21.99714,1.1945324,42.47456,45.13638,2.6618195,25.485598,24.083885,1.4017124,16.276669,15.206022,1.0706463,28.14876,27.959301,0.18945885,33.48376,32.483677,1.0000839,67.4973,71.67176,4.1744614,58.647316,57.996788,0.65052795
59bc2764681516389ccf44c2,d3542fe478cddf2bccd10f85e5cfeac3,152.0,0,110.06675,93.80297,16.263779,88.65999,81.125725,7.5342636,99.533356,96.94778,2.585579,55.27676,51.209633,4.067127,37.889442,35.096912,2.79253,23.191673,21.995302,1.1963711,42.47456,45.139523,2.6649628,25.485598,24.077124,1.408474,16.276669,15.204554,1.072115,28.14876,27.953333,0.19542694,33.48376,32.483677,1.0000839,67.4973,71.66687,4.169571,58.647316,57.9919,0.6554146
59bc2764681516389ccf44c2,eb2d08be07b4397a2cd7876280d44707,152.0,0,110.06675,93.80859,16.258156,88.65999,81.125725,7.5342636,99.533356,96.9576,2.5757523,55.27676,51.212296,4.0644646,37.889442,35.100006,2.7894363,23.191673,21.995302,1.1963711,42.47456,45.13638,2.6618195,25.485598,24.082533,1.4030647,16.276669,15.204554,1.072115,28.14876,27.957312,0.19144821,33.48376,32.483677,1.0000839,67.4973,71.66687,4.169571,58.647316,57.996788,0.65052795
59bc2764681516389ccf44c2,01b52f95df5c9b96e509db11bedc3d5b,152.0,0,110.06675,93.81421,16.25254,88.65999,81.13227,7.5277176,99.533356,96.9576,2.5757523,55.27676,51.214962,4.061798,37.889442,35.100006,2.7894363,23.191673,21.99714,1.1945324,42.47456,45.13638,2.6618195,25.485598,24.08659,1.3990078,16.276669,15.204554,1.072115,28.14876,27.959301,0.18945885,33.48376,32.483677,1.0000839,67.4973,71.67176,4.1744614,58.647316,58.00167,0.64564514
59bc2764681516389ccf44c2,f6345938d4aa6929cdd76f55e37badda,152.0,0,110.06675,93.80859,16.258156,88.65999,81.125725,7.5342636,99.533356,96.96252,2.570839,55.27676,51.21763,4.0591316,37.889442,35.10155,2.7878914,23.191673,21.995302,1.1963711,42.47456,45.133232,2.6586723,25.485598,24.08659,1.3990078,16.276669,15.204554,1.072115,28.14876,27.959301,0.18945885,33.48376,32.480995,1.0027657,67.4973,71.67176,4.1744614,58.647316,57.9919,0.6554146
59bc2764681516389ccf44c2,30adcdd3aa8fe9e293edf642f8b4316c,152.0,0,110.06675,93.81421,16.25254,88.65999,81.125725,7.5342636,99.533356,96.9576,2.5757523,55.27676,51.209633,4.067127,37.889442,35.098457,2.790985,23.191673,21.99714,1.1945324,42.47456,45.142666,2.668106,25.485598,24.082533,1.4030647,16.276669,15.205288,1.0713806,28.14876,27.955322,0.19343758,33.48376,32.483677,1.0000839,67.4973,71.67176,4.1744614,58.647316,58.00167,0.64564514
q-Kf4CuidPFk5_kK6wmkeYfRrU4pfRvIgdkDeUAS-bs,ecd46f0befa7090286a61593bbdeab94,189.6,1,108.82853,107.584274,1.2442551,96.420586,94.84468,1.5759048,110.08403,104.35392,5.73011,60.395664,55.48905,4.9066124,40.500885,39.024796,1.4760895,26.03057,26.043486,0.012916565,52.895317,53.321175,0.42585754,29.446379,28.60817,0.83820915,18.077385,17.721313,0.35607147,34.01524,32.702087,1.3131523,39.1929,38.780136,0.4127655,83.71178,83.93712,0.2253418,75.27148,70.77107,4.5004044
jG6426g_B-mAyUsLoyWqhgF7OOBGPUSjYZg4NXjuYlg,58f4f677df7ab61202a0424fc5e1e407,177.0,1,106.31596,104.01249,2.3034744,101.14239,90.87072,10.2716675,106.51154,101.95113,4.5604095,58.057453,54.20466,3.8527946,42.597015,37.91486,4.6821556,24.607449,24.9122,0.30475235,49.81716,51.114613,1.297451,28.26356,27.315517,0.9480419,17.27736,16.983984,0.29337692,32.264847,31.499481,0.7653656,37.8079,37.05786,0.75003815,79.22175,80.579796,1.3580475,69.298676,67.23189,2.0667877
jG6426g_B-mAyUsLoyWqhgF7OOBGPUSjYZg4NXjuYlg,9f93c4549c45e5daff63da8ad07afa07,177.0,1,106.31596,104.00125,2.3147125,101.14239,90.85681,10.285576,106.51154,101.94683,4.5647125,58.057453,54.19023,3.8672218,42.597015,37.910606,4.686409,24.607449,24.905767,0.29831886,49.81716,51.10675,1.2895889,28.26356,27.305376,0.9581833,17.27736,16.98013,0.29723167,32.264847,31.492517,0.77232933,37.8079,37.050484,0.7574158,79.22175,80.560234,1.3384857,69.298676,67.207466,2.0912094
mZ_PauayAxDb37B_M6Ztfwe1OCaxEISjEWn4byIMrYQ,fd3b336515eb608666b010dd304272d3,179.0,1,108.11809,104.7839,3.3341904,105.055954,91.70771,13.348244,110.39972,102.42807,7.971649,57.24433,54.471165,2.7731667,43.323597,38.14682,5.176777,26.421429,25.15022,1.2712078,50.07149,51.587055,1.515564,27.38799,27.583242,0.19525146,16.701618,17.136738,0.43511963,32.684002,31.759102,0.92490005,36.985714,37.425915,0.4402008,81.62166,81.29381,0.32785034,68.294876,67.979294,0.31558228
mZ_PauayAxDb37B_M6Ztfwe1OCaxEISjEWn4byIMrYQ,7e3e4aea73691b73ca4719122572eb6c,179.0,1,108.11809,104.78811,3.329979,105.055954,91.71834,13.337616,110.39972,102.43544,7.964279,57.24433,54.475494,2.768837,43.323597,38.149525,5.1740723,26.421429,25.1516,1.2698288,50.07149,51.5902,1.5187073,27.38799,27.58865,0.2006588,16.701618,17.138575,0.4369564,32.684002,31.76308,0.9209213,36.985714,37.431274,0.44556046,81.62166,81.30359,0.31806946,68.294876,67.98662,0.30825806
sbQvj1s6jkDVhXgQ-r25lf6vvSl0TrHiz6OjVrWpd9g,27ebb7968b351793cc1058cb23943346,175.0,0,103.54235,100.470215,3.072136,89.8341,87.121635,2.7124634,112.077934,100.22275,11.855186,57.678017,53.129143,4.548874,35.637268,36.883015,1.2457466,22.589167,23.859259,1.270092,52.71851,49.022034,3.696476,26.53915,26.157402,0.3817482,17.55735,16.317524,1.2398262,32.711292,30.31279,2.3985023,36.325924,35.38352,0.9424057,81.878845,77.49939,4.3794556,63.503895,63.92535,0.42145538
EX2uDysebMMSHYDZ-DsEsQcZ6WlZps4W72fU0YRimXw,5907f064ec8e055f59813ab07a2d6c89,172.75,1,105.28442,102.21123,3.0731888,98.67091,88.943634,9.72728,103.27688,100.87135,2.4055252,54.163006,53.58953,0.5734749,37.77844,37.369965,0.40847397,25.68792,24.363903,1.3240166,50.558277,50.016834,0.5414429,29.07182,26.687107,2.3847122,18.382248,16.632212,1.7500362,31.628283,30.8845,0.74378204,37.888954,36.19974,1.6892128,78.52279,78.91152,0.3887329,66.62772,65.493744,1.1339798
EX2uDysebMMSHYDZ-DsEsQcZ6WlZps4W72fU0YRimXw,b8631a3d3ba10bc2d44fc972e3af289f,172.75,1,105.28442,102.23924,3.0451736,98.67091,88.96244,9.708473,103.27688,100.90329,2.3735886,54.163006,53.598858,0.56414795,37.77844,37.378593,0.39984512,25.68792,24.365282,1.3226376,50.558277,50.023125,0.53515244,29.07182,26.698769,2.3730507,18.382248,16.637169,1.745079,31.628283,30.895939,0.7323437,37.888954,36.210133,1.6788216,78.52279,78.92589,0.40309906,66.62772,65.50565,1.1220703
EX2uDysebMMSHYDZ-DsEsQcZ6WlZps4W72fU0YRimXw,b12b9eeb11dbb7f281f35f493c85b333,172.75,1,105.28442,102.214745,3.0696716,98.67091,88.94036,9.730553,103.27688,100.87627,2.4006119,54.163006,53.59053,0.57247543,37.77844,37.37139,0.40704727,25.68792,24.36264,1.3252792,50.558277,50.015263,0.5430145,29.07182,26.690063,2.3817558,18.382248,16.63368,1.7485676,31.628283,30.884748,0.7435341,37.888954,36.202087,1.6868668,78.52279,78.914276,0.39148712,66.62772,65.49405,1.1336746
EX2uDysebMMSHYDZ-DsEsQcZ6WlZps4W72fU0YRimXw,218b25a478fb4b927be8b0c819d835b1,172.75,1,105.28442,102.22888,3.0555344,98.67091,88.9559,9.715012,103.27688,100.88978,2.3871002,54.163006,53.600525,0.5624809,37.77844,37.377167,0.40127182,25.68792,24.366776,1.3211441,50.558277,50.020763,0.53751373,29.07182,26.698092,2.3737278,18.382248,16.636066,1.7461815,31.628283,30.89196,0.7363224,37.888954,36.207783,1.6811714,78.52279,78.92619,0.40340424,66.62772,65.50962,1.118103
vHjdwaRY5naOAXKux5fSUNFfUgRqIqfRUXY8v35nVaU,9e1960eb637dfe7a5e5c9d7a10ab650d,165.3,0,92.27376,96.64129,4.367531,82.830635,83.36315,0.5325165,111.433815,98.181114,13.252701,59.802776,51.939857,7.862919,39.12101,35.8129,3.3081093,25.240698,22.734177,2.5065212,45.999958,46.717995,0.71803665,26.212498,24.885708,1.3267899,17.12753,15.624626,1.502903,29.159805,28.952023,0.20778275,31.784145,33.631413,1.8472672,75.14894,74.002075,1.1468658,61.48115,60.348915,1.1322365
vHjdwaRY5naOAXKux5fSUNFfUgRqIqfRUXY8v35nVaU,c6d4e5838754f4b56c5d9b51b11d5c0f,165.3,0,92.27376,96.66377,4.3900146,82.830635,83.3697,0.5390625,111.433815,98.18603,13.247787,59.802776,51.93053,7.872246,39.12101,35.811356,3.3096542,25.240698,22.73142,2.5092773,45.999958,46.725857,0.72589874,26.212498,24.883003,1.3294945,17.12753,15.6253605,1.5021687,29.159805,28.951029,0.20877647,31.784145,33.63275,1.8486061,75.14894,73.99474,1.1541977,61.48115,60.346474,1.1346779
vHjdwaRY5naOAXKux5fSUNFfUgRqIqfRUXY8v35nVaU,b09c66a54bd27e9a2d28f3ffe3cf77e8,165.3,0,92.27376,96.64691,4.3731537,82.830635,83.35661,0.5259781,111.433815,98.181114,13.252701,59.802776,51.939857,7.862919,39.12101,35.811356,3.3096542,25.240698,22.730501,2.5101967,45.999958,46.717995,0.71803665,26.212498,24.880299,1.3321991,17.12753,15.6231575,1.5043716,29.159805,28.950033,0.20977211,31.784145,33.627388,1.8432426,75.14894,73.992294,1.1566467,61.48115,60.339146,1.1420059
vHjdwaRY5naOAXKux5fSUNFfUgRqIqfRUXY8v35nVaU,bae2c30d2115afece65509eb8a8413a4,165.3,0,92.27376,96.64691,4.3731537,82.830635,83.36315,0.5325165,111.433815,98.17866,13.255157,59.802776,51.941193,7.8615837,39.12101,35.811356,3.3096542,25.240698,22.734177,2.5065212,45.999958,46.71957,0.7196121,26.212498,24.884356,1.3281422,17.12753,15.624626,1.502903,29.159805,28.94904,0.21076584,31.784145,33.63007,1.8459244,75.14894,73.99963,1.1493073,61.48115,60.348915,1.1322365
vHjdwaRY5naOAXKux5fSUNFfUgRqIqfRUXY8v35nVaU,f16671fc380d3391395fc0f9cfc551a4,165.3,0,92.27376,96.66377,4.3900146,82.830635,83.3697,0.5390625,111.433815,98.1934,13.2404175,59.802776,51.937195,7.8655815,39.12101,35.814445,3.3065643,25.240698,22.732338,2.50836,45.999958,46.722713,0.72275543,26.212498,24.884356,1.3281422,17.12753,15.623892,1.5036373,29.159805,28.952023,0.20778275,31.784145,33.631413,1.8472672,75.14894,73.99963,1.1493073,61.48115,60.34159,1.1395607
vHjdwaRY5naOAXKux5fSUNFfUgRqIqfRUXY8v35nVaU,d43ff16acfe508e54dccb61bdaf90782,165.3,0,92.27376,96.65534,4.381584,82.830635,83.376236,0.5456009,111.433815,98.19094,13.242874,59.802776,51.95052,7.852257,39.12101,35.815994,3.3050156,25.240698,22.737852,2.5028458,45.999958,46.722713,0.72275543,26.212498,24.893822,1.318676,17.12753,15.626095,1.5014343,29.159805,28.95799,0.20181465,31.784145,33.636776,1.8526306,75.14894,74.014305,1.1346359,61.48115,60.36113,1.1200218
vHjdwaRY5naOAXKux5fSUNFfUgRqIqfRUXY8v35nVaU,6c8e5e9032388b57014cec0f0b997b7c,165.3,0,92.27376,96.64691,4.3731537,82.830635,83.36315,0.5325165,111.433815,98.17866,13.255157,59.802776,51.93586,7.8669167,39.12101,35.8129,3.3081093,25.240698,22.734177,2.5065212,45.999958,46.722713,0.72275543,26.212498,24.883003,1.3294945,17.12753,15.624626,1.502903,29.159805,28.94904,0.21076584,31.784145,33.63007,1.8459244,75.14894,74.002075,1.1468658,61.48115,60.348915,1.1322365
vHjdwaRY5naOAXKux5fSUNFfUgRqIqfRUXY8v35nVaU,344223cb6001844ab4863a82860909b4,165.3,0,92.27376,96.65815,4.384392,82.830635,83.3697,0.5390625,111.433815,98.19094,13.242874,59.802776,51.93453,7.868248,39.12101,35.811356,3.3096542,25.240698,22.733257,2.5074406,45.999958,46.724285,0.7243271,26.212498,24.884356,1.3281422,17.12753,15.624626,1.502903,29.159805,28.952023,0.20778275,31.784145,33.631413,1.8472672,75.14894,74.002075,1.1468658,61.48115,60.346474,1.1346779
vHjdwaRY5naOAXKux5fSUNFfUgRqIqfRUXY8v35nVaU,f29fad445ccff4cff60d76a5578b385a,165.3,0,92.27376,96.65815,4.384392,82.830635,83.3697,0.5390625,111.433815,98.1934,13.2404175,59.802776,51.93586,7.8669167,39.12101,35.8129,3.3081093,25.240698,22.732338,2.50836,45.999958,46.722713,0.72275543,26.212498,24.884356,1.3281422,17.12753,15.624626,1.502903,29.159805,28.951029,0.20877647,31.784145,33.631413,1.8472672,75.14894,74.002075,1.1468658,61.48115,60.34159,1.1395607
vHjdwaRY5naOAXKux5fSUNFfUgRqIqfRUXY8v35nVaU,ad0e654c930a8d9ef25e41fa2fb38012,165.3,0,92.27376,96.64972,4.3759613,82.830635,83.36315,0.5325165,111.433815,98.19094,13.242874,59.802776,51.93053,7.872246,39.12101,35.811356,3.3096542,25.240698,22.730501,2.5101967,45.999958,46.71957,0.7196121,26.212498,24.883003,1.3294945,17.12753,15.6231575,1.5043716,29.159805,28.953018,0.20678711,31.784145,33.631413,1.8472672,75.14894,73.997185,1.1517563,61.48115,60.336704,1.1444473
vHjdwaRY5naOAXKux5fSUNFfUgRqIqfRUXY8v35nVaU,d17b4bfb48f0a92a7d9ac1db08eca016,165.3,0,92.27376,96.64129,4.367531,82.830635,83.35661,0.5259781,111.433815,98.18357,13.250244,59.802776,51.927864,7.8749123,39.12101,35.809807,3.311203,25.240698,22.729582,2.511116,45.999958,46.716423,0.716465,26.212498,24.880299,1.3321991,17.12753,15.6231575,1.5043716,29.159805,28.948044,0.21176147,31.784145,33.62605,1.8419037,75.14894,73.992294,1.1566467,61.48115,60.334263,1.1468887
vHjdwaRY5naOAXKux5fSUNFfUgRqIqfRUXY8v35nVaU,86c31e6891f6beeb1c19ac3f0047d834,165.3,0,92.27376,96.660965,4.387207,82.830635,83.35661,0.5259781,111.433815,98.16391,13.269905,59.802776,51.913208,7.8895683,39.12101,35.806717,3.314293,25.240698,22.723148,2.5175495,45.999958,46.716423,0.716465,26.212498,24.872187,1.340311,17.12753,15.620954,1.5065756,29.159805,28.932129,0.22767639,31.784145,33.618004,1.8338585,75.14894,73.9654,1.1835403,61.48115,60.31228,1.1688728
vHjdwaRY5naOAXKux5fSUNFfUgRqIqfRUXY8v35nVaU,4021688c174d080e11be08f2783b7cd7,165.3,0,92.27376,96.65534,4.381584,82.830635,83.376236,0.5456009,111.433815,98.19094,13.242874,59.802776,51.943855,7.858921,39.12101,35.814445,3.3065643,25.240698,22.735096,2.505602,45.999958,46.71957,0.7196121,26.212498,24.889765,1.3227329,17.12753,15.626095,1.5014343,29.159805,28.954012,0.20579338,31.784145,33.63275,1.8486061,75.14894,74.004524,1.1444168,61.48115,60.35136,1.1297913
vHjdwaRY5naOAXKux5fSUNFfUgRqIqfRUXY8v35nVaU,a3cfb5f8f61d906006bf16a64902c75e,165.3,0,92.27376,96.64972,4.3759613,82.830635,83.36315,0.5325165,111.433815,98.19094,13.242874,59.802776,51.93453,7.868248,39.12101,35.811356,3.3096542,25.240698,22.728662,2.5120354,45.999958,46.71328,0.7133217,26.212498,24.88165,1.3308468,17.12753,15.623892,1.5036373,29.159805,28.951029,0.20877647,31.784145,33.62605,1.8419037,75.14894,73.987404,1.1615372,61.48115,60.329376,1.1517754
1URL293v7fRtwuqARugrJik3jCDPz73GZIcPzdhd56A,0dc18ed0520e04a93507325fffaa2180,161.85,0,97.87828,95.640854,2.2374268,88.857635,82.49304,6.3645935,105.90387,97.70448,8.199387,57.020683,51.6507,5.3699837,39.076473,35.548466,3.5280075,24.332825,22.45664,1.8761845,46.90985,46.14572,0.76412964,25.032642,24.573362,0.45928,15.971505,15.459388,0.5121174,28.08192,28.590942,0.50902176,33.448498,33.20235,0.24614716,72.002846,73.13402,1.1311722,62.258965,59.467175,2.79179
1URL293v7fRtwuqARugrJik3jCDPz73GZIcPzdhd56A,f46653ba78faf8b779c03444b3514e65,161.85,0,97.87828,95.640854,2.2374268,88.857635,82.49304,6.3645935,105.90387,97.7094,8.194473,57.020683,51.660027,5.3606567,39.076473,35.551556,3.5249176,24.332825,22.458477,1.8743477,46.90985,46.136288,0.7735634,25.032642,24.580124,0.45251846,15.971505,15.460122,0.51138306,28.08192,28.594921,0.5130005,33.448498,33.20235,0.24614716,72.002846,73.13402,1.1311722,62.258965,59.472057,2.7869072
1URL293v7fRtwuqARugrJik3jCDPz73GZIcPzdhd56A,be3b5d3317eb36826b39358eb9c2d0c2,161.85,0,97.87828,95.64647,2.2318115,88.857635,82.49304,6.3645935,105.90387,97.70448,8.199387,57.020683,51.657364,5.3633194,39.076473,35.548466,3.5280075,24.332825,22.457558,1.875267,46.90985,46.13943,0.7704201,25.032642,24.57742,0.45522308,15.971505,15.459388,0.5121174,28.08192,28.592932,0.5110111,33.448498,33.20235,0.24614716,72.002846,73.12913,1.1262817,62.258965,59.467175,2.79179
7ZwFOnlYH67Py8fGL0ex-hxRahg8d5Rrh2IFgI9tQyk,8fd2054a5434e3acae2a13255d34ae0b,175.0,1,106.27331,103.218605,3.0547028,91.327576,90.00306,1.3245163,108.77919,101.46959,7.309601,59.032192,53.93682,5.0953712,40.600235,37.67362,2.9266167,26.210152,24.66568,1.5444717,48.809853,50.623306,1.8134537,27.989397,27.037651,0.951746,17.838753,16.826824,1.0119286,33.490612,31.23091,2.2597027,38.288338,36.67707,1.6112671,77.08586,79.83644,2.7505798,68.20463,66.45029,1.7543411
QcyYsF0UTeV4WWk7qMtvs6QaTRvMuiW4mCCjXb3wL2Q,1eee612a30cd7892bcd9dc6f77cecd63,173.0,1,108.61156,102.31722,6.2943344,87.53746,89.04994,1.5124817,104.8572,100.9426,3.9146042,59.3942,53.621178,5.7730217,38.343678,37.40137,0.9423065,24.445766,24.39446,0.05130577,50.47446,50.079723,0.39473724,28.9199,26.723951,2.1959496,16.54916,16.653233,0.10407257,34.34589,30.919813,3.426077,38.943233,36.24935,2.693882,78.20019,79.00933,0.80914307,64.35681,65.59358,1.2367706
QcyYsF0UTeV4WWk7qMtvs6QaTRvMuiW4mCCjXb3wL2Q,968388bf6c1a940b49bb358e650f88cb,173.0,1,108.61156,102.34691,6.2646484,87.53746,89.08593,1.5484695,104.8572,100.96226,3.8949432,59.3942,53.645164,5.749035,38.343678,37.4137,0.9299774,24.445766,24.40365,0.042116165,50.47446,50.094658,0.3798027,28.9199,26.74043,2.17947,16.54916,16.65943,0.11026955,34.34589,30.934237,3.4116535,38.943233,36.26611,2.677124,78.20019,79.04051,0.8403244,64.35681,65.625946,1.2691345
k1ak5kJA8W_T3qmJJva8VQBsV4oCHmWFj_uaxq9zE9I,acdc5f5235faaa870b02e8a0676da569,159.8,0,105.668076,95.129395,10.538681,98.64327,82.07434,16.568932,103.38434,97.48337,5.9009705,54.245636,51.52011,2.725525,38.683777,35.420113,3.2636642,23.077623,22.320627,0.75699615,44.262226,45.853294,1.5910683,25.883814,24.424625,1.4591885,16.487024,15.381542,1.1054821,33.83496,28.4109,5.424061,33.254276,32.990505,0.26377106,70.976425,72.69876,1.7223358,60.09358,59.022636,1.0709419
VciGgAmp0kdjRlNdT5Rdysbj_YhowDsssmYFbiLuuTc,5450be9350c7ae2ebf891ae9ca47c757,175.5,1,113.61884,103.40337,10.215469,94.37727,90.22317,4.154106,103.00697,101.58629,1.4206848,53.712925,53.99845,0.28552628,40.065254,37.73161,2.3336449,24.97905,24.727942,0.25110817,51.390366,50.742004,0.6483612,28.406586,27.108976,1.2976093,17.980091,16.865196,1.1148949,33.083435,31.295565,1.7878704,40.07439,36.770927,3.303463,79.88515,80.02228,0.13713074,69.07073,66.65057,2.4201584
_VOMJJoBpojhwpaLYWGDP6-nJ7byGx6ESNSn1vh_Xyk,7aa7e5f335ecda10f299e3a17f801f5a,164.75,0,105.34709,96.46706,8.880035,93.82163,83.1996,10.622032,103.986244,98.09021,5.8960342,53.238842,51.885223,1.3536186,39.32402,35.763416,3.560604,23.407106,22.682713,0.72439384,46.774487,46.61423,0.16025543,25.51933,24.826214,0.69311523,15.919754,15.594516,0.32523823,30.326685,28.882393,1.4442921,34.97199,33.54962,1.4223671,73.38622,73.84069,0.45446777,62.367973,60.18527,2.182705
_VOMJJoBpojhwpaLYWGDP6-nJ7byGx6ESNSn1vh_Xyk,20a4bb885521474c21f9124e35679b60,164.75,0,105.34709,96.46706,8.880035,93.82163,83.20614,10.615494,103.986244,98.09021,5.8960342,53.238842,51.890556,1.3482857,39.32402,35.76651,3.5575104,23.407106,22.683632,0.7234745,46.774487,46.61266,0.16182709,25.51933,24.83027,0.6890583,15.919754,15.594516,0.32523823,30.326685,28.886372,1.4403133,34.97199,33.550964,1.4210243,73.38622,73.84069,0.45446777,62.367973,60.18771,2.1802635
Fkomw39WQwKtgdywx2IAbDRxGY4m0WaDoPdce714Y6s,fd5368e48d92df33e759d3c3add445f9,183.25,1,108.95426,106.148254,2.8060074,93.28301,93.21077,0.07224274,106.64356,103.31775,3.3258133,56.45357,54.942715,1.5108566,43.397755,38.56783,4.8299255,26.828499,25.575716,1.2527828,50.79751,52.42503,1.6275215,29.137148,28.063253,1.0738945,17.870373,17.412868,0.45750427,32.459415,32.215675,0.24374008,38.025433,38.07755,0.052116394,81.82134,82.56533,0.74398804,71.47078,69.3129,2.1578827
Fkomw39WQwKtgdywx2IAbDRxGY4m0WaDoPdce714Y6s,a68a88c1e2178df75acbc2c4e2abe00d,183.25,1,108.95426,106.173546,2.780716,93.28301,93.23367,0.049339294,106.64356,103.336174,3.3073883,56.45357,54.95937,1.4942017,43.397755,38.576336,4.821419,26.828499,25.58123,1.2472687,50.79751,52.436035,1.6385269,29.137148,28.075424,1.0617237,17.870373,17.41801,0.45236206,32.459415,32.224625,0.2347908,38.025433,38.089615,0.06418228,81.82134,82.58245,0.7611084,71.47078,69.33244,2.1383362
Fkomw39WQwKtgdywx2IAbDRxGY4m0WaDoPdce714Y6s,474f8e2cff437e625e28331456ed1676,183.25,1,108.95426,106.165115,2.7891464,93.28301,93.24021,0.042800903,106.64356,103.32727,3.3162918,56.45357,54.960037,1.4935341,43.397755,38.576336,4.821419,26.828499,25.583069,1.24543,50.79751,52.436035,1.6385269,29.137148,28.07948,1.0576687,17.870373,17.417643,0.45273018,32.459415,32.22164,0.2377739,38.025433,38.089615,0.06418228,81.82134,82.58489,0.7635498,71.47078,69.33977,2.131012
Fkomw39WQwKtgdywx2IAbDRxGY4m0WaDoPdce714Y6s,9e5805cb038ac2dee32163083a6f10a7,183.25,1,108.95426,106.148254,2.8060074,93.28301,93.21404,0.06896973,106.64356,103.312225,3.331337,56.45357,54.944714,1.5088577,43.397755,38.569378,4.828377,26.828499,25.578474,1.2500248,50.79751,52.4266,1.6290932,29.137148,28.068663,1.0684853,17.870373,17.41397,0.45640182,32.459415,32.211697,0.24771881,38.025433,38.078888,0.053455353,81.82134,82.56533,0.74398804,71.47078,69.32023,2.1505508
os8rca5LifuemvkzoB9-axuU67-vtctY_IUwtoC3oQY,21b0f862ac9c71d36877a5815de4a1ce,175.85,0,109.7389,100.83554,8.903358,98.359344,87.50599,10.853355,108.05276,100.435265,7.6174927,56.197083,53.241074,2.956009,36.61183,36.99088,0.3790474,21.960325,23.969997,2.0096722,49.3433,49.252163,0.09113693,25.20223,26.285349,1.0831184,14.934147,16.388393,1.4542465,32.59632,30.440859,2.1554623,34.56111,35.56034,0.99922943,81.972305,77.85487,4.1174316,63.72761,64.292336,0.56472397
os8rca5LifuemvkzoB9-axuU67-vtctY_IUwtoC3oQY,1ca5b6e28ee4cb5eb07c70c75e19a662,175.85,0,109.7389,100.8531,8.885796,98.359344,87.5338,10.825546,108.05276,100.45369,7.5990677,56.197083,53.253067,2.9440155,36.61183,36.998997,0.38716507,21.960325,23.97781,2.0174847,49.3433,49.26179,0.08150864,25.20223,26.300562,1.0983315,14.934147,16.394268,1.4601212,32.59632,30.452608,2.143713,34.56111,35.569725,1.0086136,81.972305,77.8784,4.0939026,63.72761,64.313705,0.5860939
os8rca5LifuemvkzoB9-axuU67-vtctY_IUwtoC3oQY,a2afdaa4a1831ef3861d6441a7cc7306,175.85,0,109.7389,100.86504,8.873856,98.359344,87.52562,10.833725,108.05276,100.44509,7.607666,56.197083,53.24374,2.9533424,36.61183,36.996677,0.38484573,21.960325,23.975052,2.0147266,49.3433,49.260612,0.08268738,25.20223,26.294476,1.0922451,14.934147,16.392982,1.4588356,32.59632,30.44807,2.1482506,34.56111,35.56922,1.00811,81.972305,77.86373,4.108574,63.72761,64.30272,0.5751076
os8rca5LifuemvkzoB9-axuU67-vtctY_IUwtoC3oQY,fc60575ab411f15c68f53be33ba95e00,175.85,0,109.7389,100.869965,8.868935,98.359344,87.53216,10.827187,108.05276,100.44878,7.603981,56.197083,53.24907,2.9480133,36.61183,36.998997,0.38716507,21.960325,23.978039,2.0177135,49.3433,49.265526,0.07777405,25.20223,26.29887,1.0966396,14.934147,16.39482,1.4606724,32.59632,30.450993,2.1453285,34.56111,35.572742,1.011631,81.972305,77.875046,4.0972595,63.72761,64.314926,0.5873146
os8rca5LifuemvkzoB9-axuU67-vtctY_IUwtoC3oQY,f01f6b269fa9fac0373fd29400d62433,175.85,0,109.7389,100.862236,8.876663,98.359344,87.52562,10.833725,108.05276,100.43772,7.615036,56.197083,53.24574,2.9513435,36.61183,36.995132,0.38330078,21.960325,23.97689,2.0165653,49.3433,49.26494,0.07836151,25.20223,26.29194,1.0897102,14.934147,16.392431,1.4582844,32.59632,30.448568,2.1477528,34.56111,35.56855,1.0074387,81.972305,77.866486,4.1058197,63.72761,64.30516,0.577549
os8rca5LifuemvkzoB9-axuU67-vtctY_IUwtoC3oQY,2c5f88216743a80ecd498ae45b922fdf,175.85,0,109.7389,100.878395,8.860504,98.359344,87.54197,10.817375,108.05276,100.45369,7.5990677,56.197083,53.24907,2.9480133,36.61183,36.998997,0.38716507,21.960325,23.979073,2.0187473,49.3433,49.269848,0.073451996,25.20223,26.29921,1.0969791,14.934147,16.394636,1.4604893,32.59632,30.454163,2.1421585,34.56111,35.573914,1.0128021,81.972305,77.875046,4.0972595,63.72761,64.314316,0.58670425
os8rca5LifuemvkzoB9-axuU67-vtctY_IUwtoC3oQY,31f9f58a444078e6da4730bf29f1fec5,175.85,0,109.7389,100.86504,8.873856,98.359344,87.520706,10.838638,108.05276,100.44755,7.6052094,56.197083,53.24174,2.9553413,36.61183,36.994743,0.38291168,21.960325,23.972984,2.012659,49.3433,49.259632,0.083667755,25.20223,26.29194,1.0897102,14.934147,16.391882,1.4577351,32.59632,30.44695,2.1493702,34.56111,35.56822,1.0071068,81.972305,77.858536,4.1137695,63.72761,64.296,0.5683861
F0ta_j9i9j_AawISizXiS01QOOZR0RrVEQlyWhtkado,58e967d98a6d45ab5a717e5f3e99f55c,181.5,1,87.40809,105.6115,18.203415,74.61548,92.62852,18.013039,90.03367,102.96326,12.929588,45.26315,54.75716,9.494011,32.203304,38.40391,6.2006073,23.803905,25.411215,1.6073093,51.75074,52.099586,0.34884644,23.89737,27.878685,3.9813156,15.780298,17.30528,1.5249825,25.08828,32.036625,6.948345,36.08139,37.824135,1.7427444,83.06141,82.071396,0.9900131,67.16506,68.79753,1.6324692
F0ta_j9i9j_AawISizXiS01QOOZR0RrVEQlyWhtkado,bd56518a8ba5b948c5ef90c4104d0eb8,181.5,1,87.40809,105.619934,18.211845,74.61548,92.62852,18.013039,90.03367,102.96759,12.933922,45.26315,54.757824,9.494675,32.203304,38.404682,6.201378,23.803905,25.412134,1.6082287,51.75074,52.10273,0.35198975,23.89737,27.876657,3.979288,15.780298,17.30528,1.5249825,25.08828,32.03762,6.949341,36.08139,37.826817,1.7454262,83.06141,82.07384,0.9875717,67.16506,68.79753,1.6324692
HEEDRE5AM9MDyeb4hMuaRTlXH17-6skZ10r1QDi02BE,eceaf6751da114e2f90b4ffabeb40c02,170.0,1,108.621216,101.006966,7.61425,101.3398,87.67281,13.666985,106.828735,100.1908,6.637932,53.618855,53.190437,0.4284172,35.15358,37.012527,1.8589478,24.452799,23.995386,0.45741272,47.980843,49.27476,1.2939186,27.884644,26.274532,1.6101112,16.998753,16.40198,0.59677315,32.30993,30.468525,1.841404,37.074425,35.62822,1.4462051,77.09596,77.790985,0.6950226,65.83341,64.33172,1.5016937
59bc2770681516389ccf494c,4bf7d626933588ec2a195318e378c35c,166.05,0,102.18022,96.88578,5.294441,86.02032,83.58559,2.4347305,108.5886,98.29413,10.294472,57.874207,52.00915,5.865055,37.469193,35.878624,1.5905685,23.822454,22.8031,1.0193539,46.623116,46.861065,0.23794937,25.255297,24.964132,0.2911644,15.884254,15.666486,0.21776867,30.529526,29.03558,1.4939461,33.90752,33.735996,0.17152405,75.21762,74.21726,1.0003586,61.545815,60.571182,0.97463226
59bc2770681516389ccf494c,7907a7c272ad9d2775c4c467c9a7ce14,166.05,0,102.18022,96.88859,5.2916336,86.02032,83.58886,2.4314575,108.5886,98.29904,10.289558,57.874207,52.01448,5.859726,37.469193,35.878624,1.5905685,23.822454,22.80494,1.0175152,46.623116,46.86421,0.24109268,25.255297,24.964132,0.2911644,15.884254,15.666486,0.21776867,30.529526,29.038563,1.490963,33.90752,33.738678,0.16884232,75.21762,74.22215,0.99546814,61.545815,60.57607,0.96974564
59bc2770681516389ccf494c,97fead02f31a7aa31127b89795b426f8,166.05,0,102.18022,96.90545,5.2747726,86.02032,83.601944,2.418373,108.5886,98.31378,10.274818,57.874207,52.01315,5.8610573,37.469193,35.88017,1.5890236,23.822454,22.806778,1.0156765,46.623116,46.8705,0.24738312,25.255297,24.970894,0.28440285,15.884254,15.66869,0.21556473,30.529526,29.042542,1.4869843,33.90752,33.74404,0.16347885,75.21762,74.234375,0.98324585,61.545815,60.58584,0.9599762
59bc2770681516389ccf494c,713aa6f417fa47b551766982acac0042,166.05,0,102.18022,96.90264,5.2775803,86.02032,83.601944,2.418373,108.5886,98.30887,10.279732,57.874207,52.01315,5.8610573,37.469193,35.881718,1.5874748,23.822454,22.806778,1.0156765,46.623116,46.8705,0.24738312,25.255297,24.966837,0.28845978,15.884254,15.667955,0.21629906,30.529526,29.040552,1.4889736,33.90752,33.74136,0.16616058,75.21762,74.23193,0.98568726,61.545815,60.583397,0.9624176
59bc2770681516389ccf494c,12dba35ecff9ee30c0a4e699e757ee59,166.05,0,102.18022,96.891396,5.288826,86.02032,83.58886,2.4314575,108.5886,98.29413,10.294472,57.874207,52.011814,5.8623924,37.469193,35.88017,1.5890236,23.822454,22.80402,1.0184345,46.623116,46.86578,0.24266434,25.255297,24.96278,0.2925167,15.884254,15.665751,0.218503,30.529526,29.036573,1.4929523,33.90752,33.737335,0.17018509,75.21762,74.2197,0.9979172,61.545815,60.571182,0.97463226
59bc2770681516389ccf494c,8e3bd7dd580f4d4198b2c534950d6d6e,166.05,0,102.18022,96.89421,5.2860107,86.02032,83.58886,2.4314575,108.5886,98.30641,10.282188,57.874207,52.005154,5.869053,37.469193,35.877075,1.5921173,23.822454,22.8031,1.0193539,46.623116,46.86578,0.24266434,25.255297,24.964132,0.2911644,15.884254,15.66722,0.21703434,30.529526,29.03558,1.4939461,33.90752,33.738678,0.16884232,75.21762,74.2197,0.9979172,61.545815,60.573627,0.97218704
59bc2770681516389ccf494c,006269330d4250ea76578c935d09b700,166.05,0,102.18022,96.90264,5.2775803,86.02032,83.58559,2.4347305,108.5886,98.303955,10.284645,57.874207,51.99982,5.874386,37.469193,35.87553,1.5936623,23.822454,22.801264,1.0211906,46.623116,46.868927,0.24581146,25.255297,24.957373,0.29792404,15.884254,15.665751,0.218503,30.529526,29.034584,1.4949417,33.90752,33.735996,0.17152405,75.21762,74.21726,1.0003586,61.545815,60.563858,0.9819565
59bc2770681516389ccf494c,4ffd2909f2886ead3da65131cb4301b0,166.05,0,102.18022,96.88859,5.2916336,86.02032,83.5954,2.4249191,108.5886,98.29413,10.294472,57.874207,52.007816,5.86639,37.469193,35.877075,1.5921173,23.822454,22.80402,1.0184345,46.623116,46.86578,0.24266434,25.255297,24.96278,0.2925167,15.884254,15.666486,0.21776867,30.529526,29.03558,1.4939461,33.90752,33.738678,0.16884232,75.21762,74.22215,0.99546814,61.545815,60.573627,0.97218704
1EDRp_apkqyIjHTghIXLzqX30_MDFtPqhAYeUyF2tL4,08632570302905702d74fa5e8065a5d8,161.0,0,95.40482,95.42165,0.016830444,86.04528,82.30332,3.7419586,103.711685,97.601295,6.1103897,55.19605,51.598732,3.5973167,40.46996,35.492794,4.977165,24.036474,22.399662,1.6368122,45.282135,46.0168,0.7346649,26.022404,24.511164,1.51124,16.081484,15.42634,0.65514374,30.141623,28.51435,1.6272717,33.378742,33.111176,0.26756668,70.59871,72.94817,2.3494644,61.869812,59.286427,2.5833855
1EDRp_apkqyIjHTghIXLzqX30_MDFtPqhAYeUyF2tL4,c49b25cddffbce44c528ac992941b673,161.0,0,95.40482,95.42728,0.022453308,86.04528,82.31641,3.7288742,103.711685,97.61112,6.100563,55.19605,51.600063,3.5959854,40.46996,35.495888,4.9740715,24.036474,22.399662,1.6368122,45.282135,46.019947,0.73781204,26.022404,24.51522,1.5071831,16.081484,15.427074,0.6544094,30.141623,28.51833,1.6232929,33.378742,33.11252,0.2662239,70.59871,72.953064,2.3543549,61.869812,59.286427,2.5833855
FW3V29y6wTEwo4nfLsQJW1RuwDi3A6e57J4q-wGcDt8,6cd61884ca701b9629b3b5185ceb102e,177.35,1,109.729744,104.134735,5.595009,111.95654,91.00769,20.948853,104.09587,102.01255,2.0833206,52.3422,54.238827,1.8966255,37.86797,37.952744,0.08477402,25.555222,24.952637,0.60258484,51.565403,51.193222,0.37218094,26.119913,27.354729,1.2348156,17.147135,17.008404,0.138731,29.526114,31.537777,2.0116634,36.41613,37.117527,0.70139694,82.7482,80.6935,2.0547028,67.49357,67.35157,0.14199829
FW3V29y6wTEwo4nfLsQJW1RuwDi3A6e57J4q-wGcDt8,76f7951a14bb860ff6c04067d98c84a1,177.35,1,109.729744,104.14176,5.587982,111.95654,91.00197,20.954575,104.09587,102.02607,2.0698013,52.3422,54.24403,1.9018288,37.86797,37.953903,0.085933685,25.555222,24.951717,0.6035042,51.565403,51.194794,0.37060928,26.119913,27.355406,1.2354927,17.147135,17.007118,0.14001656,29.526114,31.53927,2.013157,36.41613,37.120876,0.70474625,82.7482,80.69472,2.053482,67.49357,67.34669,0.1468811
FW3V29y6wTEwo4nfLsQJW1RuwDi3A6e57J4q-wGcDt8,4ef76bff879daddbfb975141d292be66,177.35,1,109.729744,104.15581,5.5739365,111.95654,91.02895,20.92759,104.09587,102.037735,2.058136,52.3422,54.25105,1.9088478,37.86797,37.95661,0.08864212,25.555222,24.956772,0.5984497,51.565403,51.202656,0.3627472,26.119913,27.36487,1.244957,17.147135,17.012075,0.13505936,29.526114,31.547228,2.0211143,36.41613,37.128254,0.7121239,82.7482,80.71551,2.032692,67.49357,67.36989,0.123680115
FW3V29y6wTEwo4nfLsQJW1RuwDi3A6e57J4q-wGcDt8,711988337ac51bfb0451a3703f897c13,177.35,1,109.729744,104.151596,5.578148,111.95654,91.015465,20.941078,104.09587,102.04142,2.054451,52.3422,54.2448,1.9025993,37.86797,37.95661,0.08864212,25.555222,24.951258,0.60396385,51.565403,51.197937,0.36746597,26.119913,27.357433,1.2375202,17.147135,17.009138,0.13799667,29.526114,31.545736,2.0196228,36.41613,37.12423,0.70809937,82.7482,80.70328,2.0449219,67.49357,67.35523,0.13833618
FW3V29y6wTEwo4nfLsQJW1RuwDi3A6e57J4q-wGcDt8,575d9c20cf5f33d759fec9a9fc05cbe3,177.35,1,109.729744,104.15862,5.571121,111.95654,91.03223,20.924316,104.09587,102.04388,2.0519943,52.3422,54.25792,1.9157181,37.86797,37.959705,0.09173584,25.555222,24.957691,0.59753036,51.565403,51.20344,0.36196136,26.119913,27.368927,1.2490139,17.147135,17.013361,0.1337738,29.526114,31.550709,2.0245953,36.41613,37.130264,0.7141342,82.7482,80.71551,2.032692,67.49357,67.37477,0.1187973
5jRtkerX_S4OdzjiEwlCW0fFR9v7AclSRaXaHJLKEiM,92b3acb9b626e0a50ea75972ec763ab8,156.1,0,94.18819,94.398735,0.2105484,83.00515,81.524796,1.4803543,104.133484,97.17872,6.9547653,57.18911,51.35088,5.83823,30.219574,35.242275,5.0227013,22.326305,22.13499,0.1913147,44.78203,45.444527,0.6624985,26.369738,24.23262,2.1371174,16.088224,15.277259,0.81096554,29.177956,28.162222,1.0157337,33.46292,32.70089,0.76203156,72.17064,72.11679,0.053848267,57.832302,58.436436,0.6041336
5jRtkerX_S4OdzjiEwlCW0fFR9v7AclSRaXaHJLKEiM,6b88c9963381144e0f51b3d8fbe279a7,156.1,0,94.18819,94.39311,0.20492554,83.00515,81.51826,1.4868927,104.133484,97.173805,6.9596786,57.18911,51.332226,5.856884,30.219574,35.23918,5.0196075,22.326305,22.131315,0.19499016,44.78203,45.444527,0.6624985,26.369738,24.220451,2.1492863,16.088224,15.276525,0.81169987,29.177956,28.152275,1.0256805,33.46292,32.698208,0.7647133,72.17064,72.10212,0.06851959,57.832302,58.416897,0.5845947
5jRtkerX_S4OdzjiEwlCW0fFR9v7AclSRaXaHJLKEiM,c3597262089ec07c348b57bae0526bb8,156.1,0,94.18819,94.39311,0.20492554,83.00515,81.51826,1.4868927,104.133484,97.18363,6.949852,57.18911,51.348217,5.840893,30.219574,35.24382,5.024246,22.326305,22.133152,0.19315338,44.78203,45.438236,0.65620804,26.369738,24.228565,2.1411724,16.088224,15.277993,0.8102312,29.177956,28.158243,1.0197124,33.46292,32.698208,0.7647133,72.17064,72.10212,0.06851959,57.832302,58.426666,0.59436417
yNUzyGgE8w454leAPUJyfK-QivWU01bhmGRzYivMA_0,556c1bc2198e305129429054159d6391,161.5,0,98.45452,95.5453,2.9092178,80.17761,82.414536,2.2369232,101.14449,97.66026,3.48423,55.75365,51.63071,4.12294,38.99666,35.523724,3.4729347,22.001286,22.431828,0.430542,45.77319,46.089123,0.31593323,27.045025,24.547672,2.4973526,15.693307,15.4447,0.24860668,33.01742,28.558117,4.459305,34.63153,33.16213,1.4694023,72.594475,73.05088,0.45640564,60.55736,59.38901,1.1683502
yNUzyGgE8w454leAPUJyfK-QivWU01bhmGRzYivMA_0,e3de0acc4b0c81f77717c5882759a93a,161.5,0,98.45452,95.5453,2.9092178,80.17761,82.414536,2.2369232,101.14449,97.65535,3.4891434,55.75365,51.628048,4.1256027,38.99666,35.52527,3.4713898,22.001286,22.432745,0.43145943,45.77319,46.089123,0.31593323,27.045025,24.54632,2.498705,15.693307,15.445435,0.24787235,33.01742,28.557123,4.4602985,34.63153,33.16213,1.4694023,72.594475,73.05088,0.45640564,60.55736,59.38901,1.1683502
yNUzyGgE8w454leAPUJyfK-QivWU01bhmGRzYivMA_0,87af5a7f3fb82c8536de433683b970b2,161.5,0,98.45452,95.534065,2.920456,80.17761,82.40145,2.2238388,101.14449,97.66026,3.48423,55.75365,51.63071,4.12294,38.99666,35.52527,3.4713898,22.001286,22.429989,0.4287033,45.77319,46.07969,0.30649948,27.045025,24.54632,2.498705,15.693307,15.443231,0.2500763,33.01742,28.554138,4.4632835,34.63153,33.156765,1.4747658,72.594475,73.04599,0.4515152,60.55736,59.379242,1.1781197
yNUzyGgE8w454leAPUJyfK-QivWU01bhmGRzYivMA_0,f4295f12eca28e70ac4ae1a3e285ac72,161.5,0,98.45452,95.52844,2.9260788,80.17761,82.40145,2.2238388,101.14449,97.65535,3.4891434,55.75365,51.62938,4.1242714,38.99666,35.52527,3.4713898,22.001286,22.42907,0.42778397,45.77319,46.07969,0.30649948,27.045025,24.544968,2.5000572,15.693307,15.443231,0.2500763,33.01742,28.552149,4.465273,34.63153,33.156765,1.4747658,72.594475,73.0411,0.44662476,60.55736,59.379242,1.1781197
yNUzyGgE8w454leAPUJyfK-QivWU01bhmGRzYivMA_0,34169bfdaf69bcffab6ae867f4f534d7,161.5,0,98.45452,95.5453,2.9092178,80.17761,82.414536,2.2369232,101.14449,97.65535,3.4891434,55.75365,51.62938,4.1242714,38.99666,35.523724,3.4729347,22.001286,22.433664,0.43237877,45.77319,46.092266,0.31907654,27.045025,24.544968,2.5000572,15.693307,15.445435,0.24787235,33.01742,28.554138,4.4632835,34.63153,33.163467,1.4680634,72.594475,73.05577,0.46129608,60.55736,59.38901,1.1683502
yNUzyGgE8w454leAPUJyfK-QivWU01bhmGRzYivMA_0,ffcb03ed7f6ea452648ebbac08024477,161.5,0,98.45452,95.5453,2.9092178,80.17761,82.414536,2.2369232,101.14449,97.65535,3.4891434,55.75365,51.62938,4.1242714,38.99666,35.523724,3.4729347,22.001286,22.433664,0.43237877,45.77319,46.092266,0.31907654,27.045025,24.544968,2.5000572,15.693307,15.445435,0.24787235,33.01742,28.554138,4.4632835,34.63153,33.163467,1.4680634,72.594475,73.05577,0.46129608,60.55736,59.38901,1.1683502
yNUzyGgE8w454leAPUJyfK-QivWU01bhmGRzYivMA_0,7cf8754e70c9b6cf36cea1f8777eef33,161.5,0,98.45452,95.534065,2.920456,80.17761,82.39491,2.2173004,101.14449,97.66026,3.48423,55.75365,51.62538,4.128269,38.99666,35.52063,3.4760284,22.001286,22.42907,0.42778397,45.77319,46.082832,0.3096428,27.045025,24.542263,2.5027618,15.693307,15.4447,0.24860668,33.01742,28.551155,4.4662666,34.63153,33.159447,1.472084,72.594475,73.0411,0.44662476,60.55736,59.379242,1.1781197
yNUzyGgE8w454leAPUJyfK-QivWU01bhmGRzYivMA_0,04dbf7b7e587a4b2a900b81c0520931b,161.5,0,98.45452,95.55093,2.903595,80.17761,82.408,2.2303848,101.14449,97.66026,3.48423,55.75365,51.62938,4.1242714,38.99666,35.52527,3.4713898,22.001286,22.432745,0.43145943,45.77319,46.089123,0.31593323,27.045025,24.547672,2.4973526,15.693307,15.445435,0.24787235,33.01742,28.556128,4.461294,34.63153,33.16213,1.4694023,72.594475,73.05088,0.45640564,60.55736,59.38901,1.1683502
yNUzyGgE8w454leAPUJyfK-QivWU01bhmGRzYivMA_0,ec2aabd61bb0c5a14f7936dcdff561d4,161.5,0,98.45452,95.5453,2.9092178,80.17761,82.408,2.2303848,101.14449,97.66026,3.48423,55.75365,51.62938,4.1242714,38.99666,35.52527,3.4713898,22.001286,22.432745,0.43145943,45.77319,46.089123,0.31593323,27.045025,24.547672,2.4973526,15.693307,15.445435,0.24787235,33.01742,28.556128,4.461294,34.63153,33.16213,1.4694023,72.594475,73.05088,0.45640564,60.55736,59.38901,1.1683502
yNUzyGgE8w454leAPUJyfK-QivWU01bhmGRzYivMA_0,c1f2f520722f926e4c7ed15eb884acf8,161.5,0,98.45452,95.55093,2.903595,80.17761,82.414536,2.2369232,101.14449,97.66518,3.4793167,55.75365,51.633377,4.1202736,38.99666,35.526814,3.4698448,22.001286,22.432745,0.43145943,45.77319,46.085976,0.3127861,27.045025,24.550375,2.49465,15.693307,15.445435,0.24787235,33.01742,28.560106,4.4573154,34.63153,33.163467,1.4680634,72.594475,73.05088,0.45640564,60.55736,59.38901,1.1683502
yNUzyGgE8w454leAPUJyfK-QivWU01bhmGRzYivMA_0,e37d04e33bc1428518d15cfb46539e17,161.5,0,98.45452,95.55093,2.903595,80.17761,82.42108,2.2434692,101.14449,97.66518,3.4793167,55.75365,51.63471,4.1189423,38.99666,35.528362,3.468296,22.001286,22.433664,0.43237877,45.77319,46.089123,0.31593323,27.045025,24.551727,2.4932976,15.693307,15.446169,0.24713802,33.01742,28.561102,4.45632,34.63153,33.16481,1.4667206,72.594475,73.05577,0.46129608,60.55736,59.393898,1.1634636
kFQWHdudWw32Mboxwem7R_l1Ac7AfRDq8lXvnYA85hM,0c59beda104dcc1a52e8141a0fec204f,159.5,0,98.07248,95.067566,3.0049133,85.91906,82.02855,3.8905106,104.67071,97.45389,7.21682,56.25692,51.50412,4.7528,38.574516,35.404648,3.1698685,23.278168,22.304087,0.97408104,44.16788,45.815563,1.6476822,25.242268,24.411104,0.8311634,16.093676,15.372729,0.7209463,29.69053,28.391006,1.2995243,32.46049,32.96637,0.50587845,70.568275,72.64986,2.081581,61.31454,58.98356,2.3309822
kFQWHdudWw32Mboxwem7R_l1Ac7AfRDq8lXvnYA85hM,5dddd205ec3d9e7a0aad00bb4a3c2a1b,159.5,0,98.07248,95.067566,3.0049133,85.91906,82.022,3.8970566,104.67071,97.4588,7.2119064,56.25692,51.500122,4.756798,38.574516,35.401554,3.1729622,23.278168,22.304087,0.97408104,44.16788,45.815563,1.6476822,25.242268,24.404345,0.83792305,16.093676,15.371261,0.722415,29.69053,28.385036,1.3054943,32.46049,32.963688,0.5031967,70.568275,72.640076,2.0718002,61.31454,58.968903,2.3456383
MtEI3iPNMiPKY5npP-NwXFGmNv4wL5fmJm_gz3w1gaM,014ccba9cc82c5550b42e586d6793562,177.5,1,110.07244,104.171265,5.9011765,101.18398,91.05267,10.1313095,105.2537,102.045105,3.2085953,56.343346,54.247135,2.0962105,38.370884,37.962795,0.40808868,23.512712,24.964123,1.4514103,53.208084,51.219162,1.9889221,27.34525,27.369602,0.024353027,17.191717,17.016298,0.17541885,30.96866,31.5522,0.58353996,37.711323,37.136967,0.5743561,82.763336,80.73262,2.030716,66.68808,67.3931,0.7050171
MtEI3iPNMiPKY5npP-NwXFGmNv4wL5fmJm_gz3w1gaM,4f0da541881b439ec4c992960d1090fc,177.5,1,110.07244,104.17548,5.8969574,101.18398,91.05103,10.13295,105.2537,102.04756,3.2061386,56.343346,54.246716,2.09663,38.370884,37.962025,0.40885925,23.512712,24.964123,1.4514103,53.208084,51.21759,1.9904938,27.34525,27.366898,0.021648407,17.191717,17.016113,0.17560387,30.96866,31.550709,0.5820484,37.711323,37.135628,0.57569504,82.763336,80.73018,2.0331573,66.68808,67.39065,0.70256805
xcfe_6tpoBQhft1CICK_W65_X7M06TELdwCdWN6mX30,10caad981cc5dce006d6dd0b0a2c6a2d,179.3,1,105.67238,104.873825,0.79855347,92.46945,91.806656,0.662796,105.37671,102.47813,2.8985825,55.215065,54.50015,0.7149162,41.055557,38.17775,2.8778076,26.73765,25.180548,1.5571022,50.97128,51.645226,0.6739464,29.457151,27.614342,1.8428097,18.355732,17.155464,1.2002678,32.797127,31.786953,1.0101738,38.567513,37.47016,1.0973511,82.26779,81.37939,0.88840485,69.17896,68.069664,1.1092987
6OyrNhRxOPZhUfhgHqZ0C1ye467qSp5Y_SzQfTTZbm0,4cab8a502284aba5ac330e0428657d3c,185.6,1,108.3829,106.7946,1.588295,95.384,93.915695,1.4683075,112.735245,103.74217,8.9930725,58.823997,55.163914,3.6600838,39.211033,38.767315,0.44371796,26.021286,25.776058,0.24522781,55.654408,52.816505,2.837902,30.272451,28.290415,1.9820366,19.449007,17.54506,1.9039478,34.0715,32.42357,1.6479301,38.325665,38.37923,0.05356598,88.41201,83.1473,5.2647095,70.47498,69.930855,0.5441284
k882U8w3gMLFKWB3D9a3W5DsMBYXoCuZPXFJxIDU38w,0d474f70f15f2ab4a6a90ee9d81d6629,181.9,1,108.691536,105.72672,2.9648132,103.41991,92.75609,10.663818,110.32856,103.03099,7.2975693,54.85497,54.793472,0.061496735,33.48905,38.441025,4.951973,23.405195,25.447056,2.0418606,54.13326,52.17348,1.9597778,27.784887,27.914518,0.12963104,17.065006,17.327312,0.2623062,32.495487,32.078403,0.41708374,39.648396,37.88313,1.7652664,86.61588,82.178986,4.4368973,68.393135,68.905,0.5118637
7on0Aq8zXDK44F64ewSKeu7qCBgj0BNwUKgIl7UlD6I,b672690f6e120852143178e34b357792,157.9,0,106.902374,94.7191,12.183273,90.54931,81.760315,8.788994,100.85329,97.296646,3.5566406,51.862583,51.420174,0.44240952,36.158478,35.319595,0.83888245,23.727554,22.215862,1.511692,46.759228,45.623756,1.1354713,27.128569,24.31375,2.8148193,17.723728,15.322791,2.400937,28.82725,28.269651,0.5575981,34.139256,32.826923,1.3123322,74.456,72.3711,2.0849,57.45,58.695343,1.2453423
GdAL26FVkYc_vRMzKGgIyOJBR7pwxqyP1ucDJUvZruk,ce9965024bac2aeb7ca43e0a85864198,170.05,1,103.815315,101.04209,2.7732239,91.20811,87.692444,3.5156631,101.613785,100.203094,1.4106903,53.10681,53.217087,0.11027527,38.369865,37.03031,1.3395538,25.357956,24.004002,1.3539543,47.785786,49.286945,1.5011597,28.844294,26.286701,2.5575924,18.394913,16.406937,1.9879761,33.10134,30.478907,2.6224346,38.005527,35.640957,2.3645706,73.94067,77.811165,3.8704987,68.29652,64.35096,3.9455566
GdAL26FVkYc_vRMzKGgIyOJBR7pwxqyP1ucDJUvZruk,e9f5f83cfc556ca23de52bcb26910b9c,170.05,1,103.815315,101.035065,2.7802505,91.20811,87.6908,3.5173035,101.613785,100.20555,1.4082336,53.10681,53.183773,0.07696152,38.369865,37.018326,1.3515396,25.357956,23.996305,1.3616505,47.785786,49.284588,1.4988022,28.844294,26.269968,2.5743256,18.394913,16.402163,1.9927502,33.10134,30.469643,2.6316986,38.005527,35.63157,2.3739586,73.94067,77.789154,3.8484879,68.29652,64.32531,3.9712067
GdAL26FVkYc_vRMzKGgIyOJBR7pwxqyP1ucDJUvZruk,9be4853eca6612b2ff1029c18065e53c,170.05,1,103.815315,101.051926,2.7633896,91.20811,87.69735,3.5107574,101.613785,100.20801,1.405777,53.10681,53.187107,0.08029556,38.369865,37.022964,1.3469009,25.357956,23.997568,1.3603878,47.785786,49.288128,1.5023422,28.844294,26.276392,2.5679016,18.394913,16.403631,1.9912815,33.10134,30.47673,2.624611,38.005527,35.634083,2.3714447,73.94067,77.798935,3.8582687,68.29652,64.32989,3.966629
GdAL26FVkYc_vRMzKGgIyOJBR7pwxqyP1ucDJUvZruk,445a6dfcc2969a1e56e1fa41bc539207,170.05,1,103.815315,101.03436,2.7809525,91.20811,87.69572,3.5123901,101.613785,100.21292,1.4008636,53.10681,53.1971,0.09029007,38.369865,37.022,1.347866,25.357956,23.999176,1.3587799,47.785786,49.287537,1.501751,28.844294,26.28028,2.5640144,18.394913,16.4051,1.9898129,33.10134,30.477911,2.6234303,38.005527,35.63928,2.366249,73.94067,77.80963,3.8689651,68.29652,64.34332,3.9531937
GdAL26FVkYc_vRMzKGgIyOJBR7pwxqyP1ucDJUvZruk,80d0a1ad4a7aaab3498e81cbe8141aeb,170.05,1,103.815315,101.03436,2.7809525,91.20811,87.70062,3.5074844,101.613785,100.20801,1.405777,53.10681,53.203094,0.09628296,38.369865,37.02258,1.3472862,25.357956,24.001703,1.3562527,47.785786,49.285965,1.5001793,28.844294,26.283491,2.5608025,18.394913,16.4051,1.9898129,33.10134,30.478844,2.6224976,38.005527,35.640285,2.365242,73.94067,77.80902,3.8683548,68.29652,64.34424,3.9522781
GdAL26FVkYc_vRMzKGgIyOJBR7pwxqyP1ucDJUvZruk,a5556cb881e6f33544b3e0d26d65cae6,170.05,1,103.815315,101.0449,2.7704163,91.20811,87.71371,3.4944,101.613785,100.21292,1.4008636,53.10681,53.20776,0.100948334,38.369865,37.027992,1.3418732,25.357956,24.005724,1.352232,47.785786,49.29363,1.507843,28.844294,26.289576,2.554718,18.394913,16.408037,1.9868755,33.10134,30.482698,2.6186428,38.005527,35.64766,2.3578682,73.94067,77.82369,3.8830261,68.29652,64.3592,3.937317
GdAL26FVkYc_vRMzKGgIyOJBR7pwxqyP1ucDJUvZruk,3465c487c5419a05cdacd2674470b1e9,170.05,1,103.815315,101.04069,2.7746277,91.20811,87.7088,3.4993057,101.613785,100.203094,1.4106903,53.10681,53.211758,0.10494614,38.369865,37.026638,1.3432274,25.357956,24.006529,1.3514271,47.785786,49.293236,1.5074501,28.844294,26.288223,2.5560703,18.394913,16.406937,1.9879761,33.10134,30.48102,2.6203213,38.005527,35.645313,2.3602142,73.94067,77.82553,3.8848648,68.29652,64.36408,3.932434
BFc5dG2exM2V9y2QL5ACK_YqmXrT6_LolirPXkZIJBE,5bb7f9d32f6e384da46f5555a92a1792,186.6,1,91.76389,106.9857,15.221809,82.74113,94.131584,11.390457,94.16692,103.89142,9.724495,46.185463,55.248528,9.063065,35.15618,38.829945,3.6737633,24.970772,25.841307,0.8705349,56.0205,52.940704,3.0797958,25.525812,28.364782,2.8389702,16.11544,17.585451,1.4700108,26.135643,32.49121,6.355568,35.621983,38.47845,2.8564682,91.270035,83.34048,7.929558,66.11275,70.13114,4.0183945
BFc5dG2exM2V9y2QL5ACK_YqmXrT6_LolirPXkZIJBE,0e0d40f41aa61146f2304598a4e5c9ab,186.6,1,91.76389,106.99694,15.2330475,82.74113,94.17084,11.42971,94.16692,103.90248,9.735558,46.185463,55.259857,9.074394,35.15618,38.836906,3.680725,24.970772,25.848658,0.8778858,56.0205,52.953285,3.067215,25.525812,28.379656,2.8538437,16.11544,17.590591,1.4751511,26.135643,32.498173,6.3625298,35.621983,38.48784,2.8658562,91.270035,83.36493,7.9051056,66.11275,70.16534,4.0525894
un8lHY8pzv7e8SOSo44QLNdPD_PcMp_hHnBEvkCNALg,66e2d20007eacf10b499bf7894bd0881,168.4,0,105.33741,97.76819,7.5692215,89.7426,84.39355,5.3490524,105.11163,98.75601,6.3556213,55.38066,52.25833,3.1223297,39.150654,36.10904,3.0416145,24.067053,23.045717,1.0213356,49.18743,47.373596,1.8138351,24.86216,25.241323,0.37916374,16.471285,15.816302,0.65498257,29.885355,29.350903,0.53445244,33.17235,34.11947,0.94711685,79.22281,74.98262,4.2401886,63.083508,61.34546,1.7380486
rb3jDSFUBedt6RwCFpsqYMWbUev_VfQHdsgl53MsB-s,5312041cb602d1f818e457538fed866b,175.5,1,107.95307,103.39284,4.560234,91.32631,90.215744,1.1105652,102.193405,101.5826,0.6108017,57.57572,53.992954,3.5827675,36.702854,37.72542,1.0225677,23.394886,24.725643,1.3307571,50.81371,50.74122,0.07249069,29.327452,27.102215,2.225237,16.456562,16.862719,0.40615654,34.260376,31.29308,2.9672966,40.311935,36.767574,3.544361,79.53429,80.01494,0.48065186,66.825836,66.6408,0.1850357
rb3jDSFUBedt6RwCFpsqYMWbUev_VfQHdsgl53MsB-s,38bb9ee6e2fb5f2b77e9420ba962801e,175.5,1,107.95307,103.383,4.5700684,91.32631,90.20166,1.124649,102.193405,101.57155,0.6218567,57.57572,53.98379,3.5919304,36.702854,37.722523,1.0196686,23.394886,24.721508,1.326622,50.81371,50.73493,0.07878113,29.327452,27.095455,2.2319965,16.456562,16.860424,0.403862,34.260376,31.286613,2.9737625,40.311935,36.76154,3.550396,79.53429,80.001495,0.46720886,66.825836,66.626144,0.19969177
ZiMMtSacpQgQIoioAnwWWaVRYuiFo1DJmxIHJNzHTow,d57d727b2bce0289787296b8fcf7d09f,162.5,0,100.75281,95.7926,4.960205,87.35604,82.61735,4.738693,103.56326,97.783104,5.780159,54.164413,51.706665,2.4577484,37.033684,35.594856,1.4388275,23.215042,22.498913,0.7161293,46.79526,46.22433,0.5709305,25.38433,24.623392,0.76093864,15.833495,15.484357,0.34913826,28.873943,28.646646,0.22729683,32.472233,33.26135,0.7891159,74.7498,73.25628,1.4935226,60.611973,59.594185,1.0177879
tibhUXl23UjFiLcOCFF99gGi_lX0XzBwAGIwDOE6Pt8,ce0e92010258bb2491bbc5df08e5f406,180.5,1,107.93326,105.28833,2.644928,93.607124,92.263794,1.3433304,101.435074,102.73978,1.3047028,57.464188,54.63923,2.8249588,38.04439,38.301846,0.25745392,23.853964,25.308289,1.4543247,52.815662,51.899918,0.9157448,29.296474,27.75767,1.538805,17.211176,17.23735,0.026174545,35.066677,31.926212,3.1404648,37.931446,37.66726,0.26418686,82.80628,81.76574,1.0405426,69.62338,68.47512,1.148262
tibhUXl23UjFiLcOCFF99gGi_lX0XzBwAGIwDOE6Pt8,e1dc2be9504b0eaec349d71e9a389784,180.5,1,107.93326,105.29676,2.6364975,93.607124,92.27197,1.3351517,101.435074,102.75145,1.3163757,57.464188,54.642895,2.8212929,38.04439,38.30494,0.26054764,23.853964,25.310125,1.4561615,52.815662,51.903065,0.91259766,29.296474,27.76443,1.5320454,17.211176,17.240654,0.029478073,35.066677,31.930191,3.136486,37.931446,37.66994,0.26150513,82.80628,81.77063,1.0356522,69.62338,68.48245,1.1409302
cqGsjHQXbJ1x_kF1tBkpOIAet5Re-zBmMsy4uLVhAHo,d43284075d5ba2e81f0d86ea664de05b,174.5,1,107.60971,102.9987,4.6110077,97.004326,89.77326,7.231064,107.373604,101.34675,6.0268555,52.27627,53.865364,1.5890923,36.942245,37.610603,0.66835785,24.595951,24.601349,0.0053977966,51.79626,50.4881,1.3081627,27.391071,26.969028,0.42204285,18.186003,16.786203,1.3997993,29.791039,31.155312,1.3642731,38.536007,36.575836,1.9601707,80.81065,79.640816,1.169838,67.31171,66.25,1.0617065
cqGsjHQXbJ1x_kF1tBkpOIAet5Re-zBmMsy4uLVhAHo,c31be6650c20a673149af1e600cf5d4b,174.5,1,107.60971,102.987465,4.622246,97.004326,89.76018,7.2441483,107.373604,101.33692,6.036682,52.27627,53.8597,1.5834274,36.942245,37.60693,0.6646843,24.595951,24.598133,0.0021820068,51.79626,50.48338,1.3128815,27.391071,26.96193,0.429142,18.186003,16.783403,1.4025993,29.791039,31.14984,1.3588009,38.536007,36.570473,1.9655342,80.81065,79.629814,1.1808395,67.31171,66.23901,1.0726929
BKcAmykBFFMpHkcQ-KJDzk6tPQ3ZsodfDxly726gHlg,a383dc7dee8c66ee2187e3efacbeae11,179.9,1,115.75434,105.13096,10.623383,99.97687,92.09697,7.879898,100.640915,102.65671,2.0157928,49.835407,54.603252,4.767845,39.330753,38.260094,1.0706596,25.317371,25.256824,0.060546875,51.62203,51.796154,0.17412567,27.121355,27.715076,0.5937214,18.201412,17.20724,0.99417305,30.145344,31.88145,1.7361069,38.06635,37.596195,0.4701538,82.81406,81.62147,1.1925888,68.621735,68.3188,0.30293274
azlJZ02N1pu_ft2SXlHSyrLOu3BXofPu2BsKi-6HRe8,20fd2ada565eef84bac5b3f2a3d12c31,170.75,1,107.80759,101.323814,6.4837723,104.246925,87.99665,16.250275,103.2527,100.370155,2.8825455,51.79099,53.296375,1.5053864,36.301117,37.10763,0.80651474,23.814417,24.093029,0.27861214,48.890522,49.469223,0.578701,26.132875,26.380676,0.24780083,16.468576,16.461098,0.007478714,30.649862,30.575287,0.074575424,36.55286,35.778095,0.774765,75.93818,78.08136,2.1431808,67.939926,64.633064,3.3068619
azlJZ02N1pu_ft2SXlHSyrLOu3BXofPu2BsKi-6HRe8,4d8380fc3cf5aff782834126a866d3da,170.75,1,107.80759,101.33154,6.4760437,104.246925,88.009735,16.23719,103.2527,100.384895,2.8678055,51.79099,53.297707,1.5067177,36.301117,37.109566,0.8084488,23.814417,24.093489,0.2790718,48.890522,49.469616,0.57909393,26.132875,26.38676,0.25388527,16.468576,16.4633,0.0052757263,30.649862,30.578964,0.070898056,36.55286,35.781197,0.77166367,75.93818,78.086555,2.1483765,67.939926,64.63887,3.301056
azlJZ02N1pu_ft2SXlHSyrLOu3BXofPu2BsKi-6HRe8,86d9849cdcfa25f290fcbcda284ca3a4,170.75,1,107.80759,101.34208,6.4655075,104.246925,88.02282,16.224106,103.2527,100.38735,2.8653488,51.79099,53.305035,1.5140457,36.301117,37.1144,0.813282,23.814417,24.096935,0.2825184,48.890522,49.476692,0.5861702,26.132875,26.39183,0.258955,16.468576,16.465137,0.0034389496,30.649862,30.584583,0.06527901,36.55286,35.78723,0.7656288,75.93818,78.10092,2.1627426,67.939926,64.650925,3.2890015
azlJZ02N1pu_ft2SXlHSyrLOu3BXofPu2BsKi-6HRe8,14362cf9b65cfc64fdb111a8d66effef,170.75,1,107.80759,101.35191,6.455673,104.246925,88.027725,16.2192,103.2527,100.384895,2.8678055,51.79099,53.308365,1.517376,36.301117,37.11614,0.8150215,23.814417,24.09797,0.28355217,48.890522,49.480816,0.5902939,26.132875,26.390648,0.25777245,16.468576,16.46532,0.003255844,30.649862,30.588427,0.0614357,36.55286,35.789116,0.76374435,75.93818,78.10429,2.1661072,67.939926,64.6523,3.2876282
9REhywajso9jyHbIAggzDH4bfnCeoPS41C1DjrPDkb0,41d450e60e5fff57166b786a9e85858d,176.7,1,108.78366,103.90008,4.883583,96.40262,90.746,5.656616,104.20791,101.8805,2.3274078,55.365154,54.164932,1.200222,36.26916,37.880062,1.6109009,25.010136,24.878197,0.13193893,51.988953,51.04465,0.9443016,29.601162,27.276981,2.3241806,17.491014,16.962872,0.5281429,34.307228,31.461185,2.8460426,37.219788,37.004898,0.21488953,81.63654,80.47587,1.160675,68.94257,67.1232,1.8193741
9REhywajso9jyHbIAggzDH4bfnCeoPS41C1DjrPDkb0,62e61d97a4121878fb07df37b2033940,176.7,1,108.78366,103.879005,4.9046555,96.40262,90.71943,5.6831894,104.20791,101.86637,2.3415375,55.365154,54.154396,1.2107582,36.26916,37.876198,1.6070366,25.010136,24.869467,0.14066887,51.988953,51.03129,0.9576645,29.601162,27.263798,2.3373642,17.491014,16.954975,0.53603935,34.307228,31.451735,2.8554935,37.219788,36.992832,0.22695541,81.63654,80.44775,1.188797,68.94257,67.090225,1.8523483
5Tn7zQrKtW7V0DAU-3OJp5g3Rxq5NWe7hID64A-vgYA,43bdbbb4e3660c77ff08380e48c2f565,174.2,1,102.872925,102.86311,0.009811401,93.12432,89.62607,3.4982529,101.69622,101.26444,0.43177795,57.4188,53.81373,3.605072,37.8154,37.566628,0.24877167,25.28101,24.558386,0.7226238,51.199173,50.405556,0.79361725,28.945004,26.915619,2.0293846,18.2386,16.757334,1.481266,33.810963,31.109056,2.7019062,38.528378,36.508797,2.0195808,80.34611,79.509995,0.836113,67.373886,66.112,1.2618866
_8Xwb8m26YfSLXyT3W3ktgvdeUz2ecTolNqd6uZhCQ0,57955c593ff30338f1ee7317613072bf,183.5,1,108.07441,106.2157,1.8587112,96.94324,93.28601,3.6572266,107.391174,103.35767,4.0335007,56.395115,54.963367,1.4317474,38.216125,38.589478,0.37335205,24.944605,25.596853,0.6522484,53.191246,52.46748,0.7237663,26.213844,28.087593,1.8737488,15.925409,17.426088,1.500679,31.544,32.236565,0.692564,38.47568,38.109726,0.36595535,81.19257,82.62402,1.4314499,71.70521,69.378845,2.3263626
_8Xwb8m26YfSLXyT3W3ktgvdeUz2ecTolNqd6uZhCQ0,48652b002a8afbc1b79d8b17847d713f,183.5,1,108.07441,106.22132,1.8530884,96.94324,93.30073,3.6425095,107.391174,103.361664,4.0295105,56.395115,54.97603,1.4190865,38.216125,38.593346,0.37722015,24.944605,25.601448,0.6568432,53.191246,52.473766,0.7174797,26.213844,28.094353,1.8805084,15.925409,17.428291,1.502882,31.544,32.240543,0.69654274,38.47568,38.116432,0.35924911,81.19257,82.63869,1.4461136,71.70521,69.3935,2.3117065
_8Xwb8m26YfSLXyT3W3ktgvdeUz2ecTolNqd6uZhCQ0,e15f0ae12e397a737c9e148e77fda6b2,183.5,1,108.07441,106.2157,1.8587112,96.94324,93.289276,3.6539612,107.391174,103.36075,4.030426,56.395115,54.969364,1.4257507,38.216125,38.589478,0.37335205,24.944605,25.598692,0.65408707,53.191246,52.46748,0.7237663,26.213844,28.09165,1.8778057,15.925409,17.427189,1.5017796,31.544,32.236565,0.692564,38.47568,38.112408,0.36327362,81.19257,82.631355,1.4387817,71.70521,69.38618,2.3190308
_8Xwb8m26YfSLXyT3W3ktgvdeUz2ecTolNqd6uZhCQ0,e0e692a9150f7db6e8fbd8a0d7796d2e,183.5,1,108.07441,106.20165,1.872757,96.94324,93.271286,3.6719513,107.391174,103.34785,4.0433273,56.395115,54.95937,1.4357452,38.216125,38.585613,0.36948776,24.944605,25.595015,0.6504097,53.191246,52.46119,0.73005676,26.213844,28.083536,1.8696918,15.925409,17.424252,1.4988422,31.544,32.2296,0.6855984,38.47568,38.104362,0.37131882,81.19257,82.614235,1.4216614,71.70521,69.36908,2.3361282
_8Xwb8m26YfSLXyT3W3ktgvdeUz2ecTolNqd6uZhCQ0,dbc05d845213dfd5f0cec7abca68a4ff,183.5,1,108.07441,106.226944,1.8474655,96.94324,93.307274,3.6359634,107.391174,103.37334,4.0178375,56.395115,54.976692,1.4184227,38.216125,38.593346,0.37722015,24.944605,25.603287,0.65868187,53.191246,52.47691,0.7143364,26.213844,28.09841,1.8845654,15.925409,17.430128,1.5047188,31.544,32.243526,0.69952583,38.47568,38.11777,0.35791016,81.19257,82.64603,1.4534531,71.70521,69.39839,2.306816
_8Xwb8m26YfSLXyT3W3ktgvdeUz2ecTolNqd6uZhCQ0,3581d36e8b21b3abeb5160a4f728f920,183.5,1,108.07441,106.22132,1.8530884,96.94324,93.30236,3.6408768,107.391174,103.36504,4.0261307,56.395115,54.973362,1.4217529,38.216125,38.59257,0.37644577,24.944605,25.600529,0.65592384,53.191246,52.470623,0.720623,26.213844,28.095705,1.8818607,15.925409,17.429026,1.5036163,31.544,32.240543,0.69654274,38.47568,38.116432,0.35924911,81.19257,82.633804,1.4412308,71.70521,69.39106,2.314148
no9mEnb8NFxLiMBVByg8fUEehgDTcxNt4M7NPIi_gVw,712c99779f54caa20320093058f49e56,166.55,0,95.59667,97.074066,1.4773941,83.50552,83.75896,0.25343323,104.5059,98.39486,6.111038,57.466324,52.06112,5.405205,38.85685,35.925014,2.9318352,22.780622,22.853647,0.07302475,47.064484,46.969547,0.09493637,27.167665,25.020924,2.1467419,16.846361,15.69733,1.1490307,33.83236,29.10123,4.7311287,32.698425,33.8151,1.1166763,75.800644,74.37865,1.4219971,62.168568,60.73239,1.4361763
no9mEnb8NFxLiMBVByg8fUEehgDTcxNt4M7NPIi_gVw,b44dc08a88d5aaecc5b621a3f010488e,166.55,0,95.59667,97.06001,1.4633408,83.50552,83.74587,0.24034882,104.5059,98.385025,6.1208725,57.466324,52.059788,5.406536,38.85685,35.922695,2.9341545,22.780622,22.852728,0.07210541,47.064484,46.963257,0.10122681,27.167665,25.016867,2.1507988,16.846361,15.6951275,1.1512337,33.83236,29.096256,4.736103,32.698425,33.813763,1.1153374,75.800644,74.368866,1.431778,62.168568,60.72262,1.4459496
no9mEnb8NFxLiMBVByg8fUEehgDTcxNt4M7NPIi_gVw,fa6342686721e59a1213194d11e0c133,166.55,0,95.59667,97.065636,1.4689636,83.50552,83.74587,0.24034882,104.5059,98.389946,6.1159515,57.466324,52.059788,5.406536,38.85685,35.922695,2.9341545,22.780622,22.852728,0.07210541,47.064484,46.9664,0.098083496,27.167665,25.018219,2.1494465,16.846361,15.6951275,1.1512337,33.83236,29.097252,4.7351074,32.698425,33.813763,1.1153374,75.800644,74.37131,1.4293365,62.168568,60.725063,1.4435043
no9mEnb8NFxLiMBVByg8fUEehgDTcxNt4M7NPIi_gVw,12ae3baa284fc56b30fc094759e9f620,166.55,0,95.59667,97.074066,1.4773941,83.50552,83.75896,0.25343323,104.5059,98.389946,6.1159515,57.466324,52.06645,5.3998756,38.85685,35.92579,2.9310608,22.780622,22.855484,0.07486153,47.064484,46.969547,0.09493637,27.167665,25.024979,2.1426868,16.846361,15.696596,1.149765,33.83236,29.10322,4.7291393,32.698425,33.817787,1.1193619,75.800644,74.38354,1.4171066,62.168568,60.739716,1.4288521
no9mEnb8NFxLiMBVByg8fUEehgDTcxNt4M7NPIi_gVw,e95528e367176ec103ca74cfc2961926,166.55,0,95.59667,97.065636,1.4689636,83.50552,83.75241,0.2468872,104.5059,98.385025,6.1208725,57.466324,52.058453,5.4078712,38.85685,35.922695,2.9341545,22.780622,22.852728,0.07210541,47.064484,46.96797,0.09651184,27.167665,25.016867,2.1507988,16.846361,15.6951275,1.1512337,33.83236,29.097252,4.7351074,32.698425,33.813763,1.1153374,75.800644,74.37131,1.4293365,62.168568,60.725063,1.4435043
gYUig33g91bGHlDv7hMbbsZaExw64mAP4JziIM_kX2Y,375fa3b5e04ac8a2010b23ff72cd6ca9,182.0,1,111.39148,105.760445,5.631035,100.09797,92.80352,7.294449,108.55366,103.04734,5.506317,53.672493,54.810795,1.1383018,37.861572,38.451077,0.58950424,24.690638,25.459923,0.7692852,51.12171,52.19549,1.0737801,27.620796,27.92804,0.30724335,17.352798,17.33282,0.01997757,30.988987,32.085365,1.0963783,38.45416,37.89922,0.55493927,82.18537,82.21566,0.030288696,71.10409,68.946526,2.1575623
gYUig33g91bGHlDv7hMbbsZaExw64mAP4JziIM_kX2Y,6bc78b24fc9f377707440aca5116d0d7,182.0,1,111.39148,105.76607,5.625412,100.09797,92.80516,7.2928085,108.55366,103.05418,5.499481,53.672493,54.813457,1.1409645,37.861572,38.45185,0.5902786,24.690638,25.459923,0.7692852,51.12171,52.19549,1.0737801,27.620796,27.932096,0.31130028,17.352798,17.335024,0.017774582,30.988987,32.087357,1.0983696,38.45416,37.89922,0.55493927,82.18537,82.21811,0.032737732,71.10409,68.94897,2.1551208
ebP8gLwO1dYeohE2_RA3GKGiJLLPFp6M7Ly_YH2ndJc,c6dc920d60636d833fa51678ef2639e0,182.5,1,94.146095,105.94592,11.799828,80.64392,92.99488,12.35096,94.23579,103.17602,8.940231,49.518085,54.875755,5.35767,32.68285,38.508293,5.8254433,23.188463,25.513224,2.3247604,53.727097,52.299255,1.4278412,25.92864,27.995647,2.067007,16.086203,17.371376,1.2851734,28.208725,32.14903,3.9403038,36.279728,37.983692,1.7039642,83.59425,82.37705,1.2172012,68.711395,69.11506,0.40366364
lYIW_RGcYd5D7RCfzAn0ZadwEJnbSCD8p-_uq8W4-8Q,5ad402a8c27b4707a0a73d05b44d983b,164.4,0,100.28182,96.36027,3.9215546,90.4052,83.10801,7.297188,108.90327,98.04107,10.862198,56.054977,51.854576,4.2004013,35.23612,35.73558,0.49946213,21.111338,22.652386,1.541048,48.848007,46.551346,2.2966614,23.459528,24.793762,1.3342342,14.745629,15.57689,0.8312607,30.411333,28.846584,1.5647488,33.013977,33.505375,0.49139786,79.06688,73.74533,5.3215485,61.085033,60.08757,0.9974632
LhpKk8JN769XdQ3ri6vIcmu9Uu2zEIgxyqbrDnHLQD4,2ed6af5a5a66d812a67a1dc2122a9bcf,159.1,0,97.236595,94.97764,2.258957,82.66781,81.95658,0.7112274,102.10308,97.40966,4.6934204,56.24685,51.484135,4.7627144,34.771507,35.383,0.61149216,22.536812,22.283869,0.25294304,46.6607,45.77154,0.88916016,24.144705,24.384062,0.239357,16.271523,15.358776,0.9127464,28.037622,28.359175,0.32155228,35.461903,32.93419,2.5277138,72.080574,72.58139,0.50081635,60.69884,58.910282,1.788559
Hkc5qj2g1SaGLJ82HJpSaojJKyhdF-XXeNxUq0hMZrM,30a1ba5ccd24a17886a640ded982642e,175.5,1,102.79683,103.42305,0.6262207,99.01676,90.22657,8.790192,103.13594,101.59735,1.5385895,53.17205,54.00711,0.8350601,38.741463,37.735863,1.0056,24.783375,24.72932,0.05405426,50.13684,50.746723,0.60988235,27.147104,27.111681,0.03542328,17.734135,16.868593,0.86554146,30.712515,31.301037,0.58852196,37.319653,36.77696,0.5426941,79.270065,80.02839,0.75832367,67.80647,66.654236,1.1522369
R4S5zQac3r9UwZ_mkT3I2J0p1Y842bOqrn8bjy7pbYs,e819ef968e41a09eba194821dac2f9d3,165.4,1,107.44625,99.03841,8.407845,105.36059,85.66927,19.691315,100.52295,99.11471,1.4082413,52.270344,52.57281,0.30246735,36.178394,36.45002,0.27162552,24.679497,23.407803,1.2716942,48.144077,48.074005,0.070072174,25.154396,25.609106,0.45471,16.02925,16.03258,0.0033302307,28.693535,29.775148,1.0816135,34.004375,34.7101,0.7057228,78.006966,75.972946,2.0340195,63.663048,62.453133,1.2099152
Wd8nygvDtDRTxX3Jom1rKIp_h31fMc-Yo7UueR_elsk,1f73d63f02d6b01b5d4cb97af70d702d,163.0,0,100.62063,95.938736,4.6818924,86.61712,82.75473,3.8623886,102.52795,97.827324,4.7006226,54.263653,51.73598,2.5276718,36.8673,35.62733,1.2399673,22.626934,22.540268,0.08666611,47.069115,46.31866,0.75045395,27.232662,24.662603,2.5700588,16.435497,15.505654,0.92984295,32.379448,28.695387,3.684061,34.242043,33.33107,0.9109726,77.09978,73.39077,3.7090073,58.692272,59.730965,1.0386925
m70ndgfKAM_jHaYlk3InxW-JioR7M7Jrv51fu-wGer4,e28a83fcdc7cb7de254ab5e447623351,165.25,1,101.15799,98.934425,2.2235641,84.24069,85.5646,1.323906,102.69728,99.05575,3.641533,56.32231,52.52084,3.8014717,36.937428,36.417545,0.5198822,24.046818,23.377934,0.6688843,48.798607,48.017406,0.7812004,29.368475,25.569895,3.7985802,16.865679,16.014587,0.8510914,34.353344,29.731878,4.6214657,37.476707,34.6625,2.814209,75.32643,75.87759,0.5511551,63.705757,62.356655,1.349102
m70ndgfKAM_jHaYlk3InxW-JioR7M7Jrv51fu-wGer4,6c79b5ff1f12ae522531f63ecec96eef,165.25,1,101.15799,98.94005,2.2179413,84.24069,85.57441,1.3337173,102.69728,99.06066,3.6366196,56.32231,52.527504,3.7948074,36.937428,36.421413,0.5160141,24.046818,23.380692,0.66612625,48.798607,48.02134,0.77726746,29.368475,25.573275,3.7952003,16.865679,16.01569,0.84998894,34.353344,29.735857,4.617487,37.476707,34.665848,2.8108597,75.32643,75.88248,0.55604553,63.705757,62.366425,1.3393326
m70ndgfKAM_jHaYlk3InxW-JioR7M7Jrv51fu-wGer4,23c7d26b9bda644512fc6e2cdf30d76d,165.25,1,101.15799,98.94567,2.2123184,84.24069,85.580956,1.3402634,102.69728,99.058205,3.6390762,56.32231,52.528835,3.793476,36.937428,36.42064,0.5167885,24.046818,23.383448,0.66337013,48.798607,48.02841,0.770195,29.368475,25.573275,3.7952003,16.865679,16.01569,0.84998894,34.353344,29.735857,4.617487,37.476707,34.66853,2.808178,75.32643,75.89226,0.5658264,63.705757,62.373753,1.3320045
m70ndgfKAM_jHaYlk3InxW-JioR7M7Jrv51fu-wGer4,6074f6fdc522dd7edf8f3aaf0b87b126,165.25,1,101.15799,98.94567,2.2123184,84.24069,85.580956,1.3402634,102.69728,99.058205,3.6390762,56.32231,52.528835,3.793476,36.937428,36.42064,0.5167885,24.046818,23.383448,0.66337013,48.798607,48.02841,0.770195,29.368475,25.573275,3.7952003,16.865679,16.01569,0.84998894,34.353344,29.735857,4.617487,37.476707,34.66853,2.808178,75.32643,75.89226,0.5658264,63.705757,62.373753,1.3320045
m70ndgfKAM_jHaYlk3InxW-JioR7M7Jrv51fu-wGer4,628a258fa6dc09275f2aae58aeba44c0,165.25,1,101.15799,98.93724,2.220749,84.24069,85.57441,1.3337173,102.69728,99.050835,3.6464462,56.32231,52.52084,3.8014717,36.937428,36.419865,0.51756287,24.046818,23.380232,0.6665859,48.798607,48.02291,0.7756958,29.368475,25.569218,3.7992573,16.865679,16.014221,0.8514576,34.353344,29.730883,4.6224613,37.476707,34.66451,2.8121986,75.32643,75.88248,0.55604553,63.705757,62.36398,1.3417778
m70ndgfKAM_jHaYlk3InxW-JioR7M7Jrv51fu-wGer4,785605df0f9840b00e336cff0c0ad111,165.25,1,101.15799,98.92881,2.2291794,84.24069,85.5646,1.323906,102.69728,99.058205,3.6390762,56.32231,52.522175,3.8001366,36.937428,36.416775,0.5206528,24.046818,23.377934,0.6688843,48.798607,48.01662,0.78198624,29.368475,25.57057,3.797905,16.865679,16.014587,0.8510914,34.353344,29.729391,4.623953,37.476707,34.661156,2.8155518,75.32643,75.87881,0.5523758,63.705757,62.359097,1.3466606
m70ndgfKAM_jHaYlk3InxW-JioR7M7Jrv51fu-wGer4,87426a74abe3ad9f11cab837342073b5,165.25,1,101.15799,98.96253,2.1954575,84.24069,85.607124,1.3664322,102.69728,99.0754,3.6218796,56.32231,52.543495,3.7788162,36.937428,36.427597,0.5098305,24.046818,23.389421,0.6573963,48.798607,48.036274,0.7623329,29.368475,25.584768,3.7837067,16.865679,16.019361,0.8463173,34.353344,29.747793,4.605551,37.476707,34.67859,2.7981186,75.32643,75.91426,0.5878296,63.705757,62.395733,1.3100243
m70ndgfKAM_jHaYlk3InxW-JioR7M7Jrv51fu-wGer4,92f2d03d7c3a7c042dd4a66079e7ddbb,165.25,1,101.15799,98.96253,2.1954575,84.24069,85.60058,1.3598862,102.69728,99.072945,3.6243362,56.32231,52.539497,3.782814,36.937428,36.426052,0.5113754,24.046818,23.385746,0.6610718,48.798607,48.032345,0.76626205,29.368475,25.580036,3.7884388,16.865679,16.01826,0.84741974,34.353344,29.748291,4.605053,37.476707,34.675236,2.8014717,75.32643,75.90204,0.5756073,63.705757,62.381077,1.3246803
m70ndgfKAM_jHaYlk3InxW-JioR7M7Jrv51fu-wGer4,9bb7aa60c37c609300e0f3a110e86f8f,165.25,1,101.15799,98.97096,2.187027,84.24069,85.60385,1.3631592,102.69728,99.09014,3.6071396,56.32231,52.544827,3.777485,36.937428,36.429916,0.50751114,24.046818,23.384827,0.6619911,48.798607,48.029198,0.7694092,29.368475,25.586796,3.7816792,16.865679,16.020462,0.84521675,34.353344,29.752766,4.6005783,37.476707,34.677246,2.7994614,75.32643,75.90204,0.5756073,63.705757,62.381077,1.3246803
m70ndgfKAM_jHaYlk3InxW-JioR7M7Jrv51fu-wGer4,0093da086599ed038737bb1c8c724697,165.25,1,101.15799,98.96534,2.1926498,84.24069,85.60385,1.3631592,102.69728,99.080315,3.6169662,56.32231,52.544827,3.777485,36.937428,36.429916,0.50751114,24.046818,23.387125,0.65969276,48.798607,48.03313,0.7654762,29.368475,25.58612,3.7823544,16.865679,16.019728,0.8459511,34.353344,29.751274,4.60207,37.476707,34.67859,2.7981186,75.32643,75.90815,0.58171844,63.705757,62.388405,1.3173523
m70ndgfKAM_jHaYlk3InxW-JioR7M7Jrv51fu-wGer4,44e02d12f5e2e5cf3da020ae1cd12438,165.25,1,101.15799,98.95691,2.2010803,84.24069,85.60058,1.3598862,102.69728,99.080315,3.6169662,56.32231,52.539497,3.782814,36.937428,36.424507,0.5129204,24.046818,23.385746,0.6610718,48.798607,48.031555,0.7670517,29.368475,25.58274,3.7857342,16.865679,16.019361,0.8463173,34.353344,29.751274,4.60207,37.476707,34.676575,2.8001328,75.32643,75.9057,0.5792694,63.705757,62.39085,1.3149071
m70ndgfKAM_jHaYlk3InxW-JioR7M7Jrv51fu-wGer4,985bafb4a49709c6bce74c40833f06e8,165.25,1,101.15799,98.97377,2.1842194,84.24069,85.61039,1.3696976,102.69728,99.087685,3.6095963,56.32231,52.543495,3.7788162,36.937428,36.42837,0.5090561,24.046818,23.387125,0.65969276,48.798607,48.037846,0.76076126,29.368475,25.584768,3.7837067,16.865679,16.020462,0.84521675,34.353344,29.753263,4.6000805,37.476707,34.679256,2.797451,75.32643,75.91059,0.58415985,63.705757,62.39085,1.3149071
ZBQJg_JdaSMt2lMru1d1MZNNA1waMUIEbPppFScmQlQ,b26bf2e185acfcfa71ab23007a11ce0b,172.5,1,107.45613,102.114235,5.341896,86.872734,88.83814,1.9654083,102.82796,100.82467,2.0032883,53.14606,53.562878,0.4168167,36.978268,37.34293,0.36466217,25.642313,24.331968,1.3103447,50.29775,49.952766,0.34498215,28.387983,26.65719,1.730793,17.29923,16.613668,0.68556213,32.199646,30.852919,1.3467274,39.23299,36.15516,3.0778313,76.08459,78.820435,2.7358475,67.5254,65.39665,2.128746
ZBQJg_JdaSMt2lMru1d1MZNNA1waMUIEbPppFScmQlQ,6107053686f8b2a6284a704b9d24504d,172.5,1,107.45613,102.111916,5.3442154,86.872734,88.83405,1.961319,102.82796,100.819756,2.0082016,53.14606,53.559547,0.41348648,36.978268,37.341286,0.36301804,25.642313,24.33082,1.3114929,50.29775,49.950214,0.34753418,28.387983,26.653683,1.7343006,17.29923,16.612474,0.68675613,32.199646,30.851675,1.347971,39.23299,36.151134,3.0818558,76.08459,78.8128,2.7282104,67.5254,65.392685,2.1327133
Za9rREo_EA88y7nYcGcRqxlKo8Xpkiie0Raizdbntk0,0e60e89f62da8600e89839edcccfc829,185.9,1,108.37382,106.83957,1.5342484,90.13776,94.00401,3.8662567,106.43001,103.80052,2.629486,56.65422,55.203224,1.4509964,41.37235,38.788967,2.5833817,26.311419,25.799952,0.511467,52.857815,52.85581,0.0020065308,29.742405,28.325571,1.4168339,17.8117,17.559748,0.25195312,33.440372,32.450428,0.98994446,38.967285,38.416775,0.5505104,82.09919,83.22555,1.126358,70.90224,70.0139,0.8883362
Za9rREo_EA88y7nYcGcRqxlKo8Xpkiie0Raizdbntk0,5a253c232554c95de047660b97142945,185.9,1,108.37382,106.84519,1.5286255,90.13776,94.007286,3.8695297,106.43001,103.80175,2.6282578,56.65422,55.209885,1.4443359,41.37235,38.790512,2.5818367,26.311419,25.802708,0.50871086,52.857815,52.85581,0.0020065308,29.742405,28.330978,1.4114265,17.8117,17.561216,0.25048447,33.440372,32.45142,0.98895264,38.967285,38.419456,0.5478287,82.09919,83.23044,1.1312485,70.90224,70.02367,0.87857056
D5MgCWoXZKaws5pwM3efCY4J9t83gTcdmS5xWrTg-y0,3c78936ea0b807e26763ab4eba548074,171.5,1,110.30776,101.662796,8.644966,99.852036,88.36138,11.490654,101.627846,100.5667,1.061142,51.425446,53.406307,1.9808617,38.005287,37.208344,0.79694366,24.160769,24.194534,0.033765793,49.675266,49.67513,0.0001373291,25.667313,26.501652,0.83433914,15.799977,16.527285,0.7273073,28.304565,30.694635,2.39007,38.508335,35.939957,2.5683784,77.35806,78.3968,1.0387344,65.246,64.96028,0.28572083
D5MgCWoXZKaws5pwM3efCY4J9t83gTcdmS5xWrTg-y0,0467a051b0514f99ad90a84fd357f52d,171.5,1,110.30776,101.66596,8.6418,99.852036,88.363014,11.489021,101.627846,100.56793,1.0599136,51.425446,53.40764,1.982193,38.005287,37.211533,0.7937546,24.160769,24.196,0.035230637,49.675266,49.67685,0.0015830994,25.667313,26.503214,0.83590126,15.799977,16.527927,0.7279501,28.304565,30.697247,2.3926811,38.508335,35.940376,2.5679588,77.35806,78.4031,1.0450363,65.246,64.964615,0.28138733
q9BBi3lldQ6SpNgO0ZLVR1HF0zJ02OowzMoPc03_sAM,3a6db0b31c2ddb644aba7b042df2c0c0,180.0,1,109.53826,105.153435,4.3848267,102.84853,92.10351,10.745026,110.006874,102.6693,7.337578,52.727398,54.59059,1.8631935,35.229385,38.25932,3.029934,24.922232,25.258661,0.3364296,52.49633,51.80716,0.68917084,27.40487,27.708992,0.30412292,17.994135,17.208708,0.7854271,30.929647,31.88344,0.9537926,37.8258,37.598877,0.2269249,83.94839,81.62636,2.322029,69.43275,68.3188,1.113945
ZfLObk9jzT5gMkUV1M-Y0HFBX54iXkwgIj25CYL_B20,99fa0b240faabc7a6a5c55970d6cb627,172.0,1,106.89391,101.915016,4.978897,99.134155,88.614075,10.520081,97.55278,100.71657,3.1637878,50.656116,53.498917,2.8428001,37.557304,37.283344,0.2739601,24.04766,24.267265,0.21960449,47.734306,49.823063,2.0887566,27.812906,26.587286,1.2256203,17.288677,16.574102,0.7145748,31.912384,30.78565,1.1267338,36.204838,36.05594,0.14889908,75.81579,78.62482,2.8090286,67.009155,65.19209,1.8170624
ZfLObk9jzT5gMkUV1M-Y0HFBX54iXkwgIj25CYL_B20,ae8d62e507729f493fd1b1e3a1ce5b21,172.0,1,106.89391,101.92345,4.9704666,99.134155,88.62225,10.511902,97.55278,100.72271,3.1699295,50.656116,53.500916,2.844799,37.557304,37.285275,0.27202988,24.04766,24.26847,0.22080994,47.734306,49.82601,2.0917053,27.812906,26.590475,1.2224312,17.288677,16.57548,0.7131977,31.912384,30.788261,1.1241226,36.204838,36.059456,0.14538193,75.81579,78.6317,2.8159103,67.009155,65.19881,1.8103485
6j-1bjbi494bwHvPS-8bNxkoPOhhRy0Tqby9uXPco5Q,ea9da80228f6b514573fef5b30a7bb95,170.6,1,107.80435,101.27744,6.526909,93.55575,87.95249,5.603256,98.8496,100.34559,1.4959869,51.35934,53.283714,1.9243736,34.16705,37.09468,2.9276314,24.360535,24.076487,0.28404808,52.024975,49.434635,2.5903397,26.378202,26.36766,0.010541916,16.78275,16.4521,0.33064842,32.492115,30.562105,1.9300098,37.095856,35.754337,1.3415184,80.2512,78.034294,2.2169037,64.375336,64.58147,0.20613098
6j-1bjbi494bwHvPS-8bNxkoPOhhRy0Tqby9uXPco5Q,2a82ac58e5845580546f2b2df8a73627,170.6,1,107.80435,101.2922,6.5121536,93.55575,87.98357,5.5721817,98.8496,100.370155,1.5205536,51.35934,53.292377,1.9330368,34.16705,37.10029,2.933239,24.360535,24.080738,0.2797966,52.024975,49.44505,2.5799255,26.378202,26.376957,0.0012454987,16.78275,16.45614,0.32660866,32.492115,30.573795,1.9183197,37.095856,35.76674,1.3291168,80.2512,78.05782,2.1933746,64.375336,64.599785,0.22444916
6j-1bjbi494bwHvPS-8bNxkoPOhhRy0Tqby9uXPco5Q,932a1e146e40cabdaec169345be46b92,170.6,1,107.80435,101.26831,6.5360413,93.55575,87.947586,5.608162,98.8496,100.32839,1.4787903,51.35934,53.281715,1.9223747,34.16705,37.093136,2.9260864,24.360535,24.076372,0.28416252,52.024975,49.43719,2.5877838,26.378202,26.361576,0.016626358,16.78275,16.449532,0.33321762,32.492115,30.559835,1.9322796,37.095856,35.75459,1.3412666,80.2512,78.035515,2.215683,64.375336,64.578415,0.20307922
alqJXcX3mknvjkZRqUwW2rl3GtU0acNIHRLdJ5HpROg,b879f5ef9776c2cc3cd404d2a55a20f0,157.6,0,78.8431,94.65727,15.814171,66.50951,81.70798,15.198471,80.82739,97.27699,16.4496,41.917492,51.404182,9.4866905,30.247812,35.307224,5.059412,19.242346,22.201159,2.9588127,45.86134,45.58917,0.27217102,20.665215,24.296171,3.6309566,14.29569,15.313244,1.0175543,22.927923,28.245777,5.317854,32.035175,32.80279,0.7676163,70.12399,72.31731,2.1933136,57.622925,58.64161,1.0186844
59bc276a681516389ccf4702,e8cc49b0de5cc4b4960c68c4650a7a01,184.0,1,108.341805,106.359024,1.9827805,97.157295,93.45774,3.6995544,106.66824,103.45933,3.2089157,59.475224,55.029327,4.445896,42.828426,38.636646,4.19178,25.988775,25.644642,0.34413338,53.822327,52.557095,1.2652321,27.36622,28.147087,0.7808666,17.522587,17.456932,0.065654755,31.020643,32.28829,1.2676449,37.66543,38.184814,0.5193863,80.06491,82.77318,2.7082672,74.04964,69.53517,4.5144653
59bc276a681516389ccf4702,5837c3744fea0618b3944c21230e4ec5,184.0,1,108.341805,106.37307,1.9687347,97.157295,93.46919,3.6881027,106.66824,103.47499,3.1932526,59.475224,55.036655,4.438568,42.828426,38.64051,4.187916,25.988775,25.648317,0.34045792,53.822327,52.56338,1.2589455,27.36622,28.153849,0.7876282,17.522587,17.46134,0.061246872,31.020643,32.293262,1.2726192,37.66543,38.190178,0.52474976,80.06491,82.78052,2.7156067,74.04964,69.54494,4.5046997
59bc276a681516389ccf4702,3264cfb87e7b32fb6edc197007651018,184.0,1,108.341805,106.35059,1.9912109,97.157295,93.44138,3.7159119,106.66824,103.4538,3.214447,59.475224,55.019333,4.4558907,42.828426,38.632004,4.1964226,25.988775,25.640965,0.34781075,53.822327,52.550804,1.2715225,27.36622,28.141678,0.7754574,17.522587,17.455463,0.06712341,31.020643,32.281326,1.2606831,37.66543,38.17811,0.51268005,80.06491,82.75851,2.693596,74.04964,69.520515,4.5291214
59bc276a681516389ccf4702,d7deea110b455399aba6861567a1caf7,184.0,1,108.341805,106.37869,1.9631119,97.157295,93.4741,3.683197,106.66824,103.47407,3.1941757,59.475224,55.03266,4.442562,42.828426,38.642056,4.186371,25.988775,25.647398,0.34137726,53.822327,52.564953,1.2573738,27.36622,28.152496,0.78627586,17.522587,17.459503,0.06308365,31.020643,32.292267,1.2716236,37.66543,38.191517,0.5260887,80.06491,82.77807,2.7131577,74.04964,69.53761,4.512024
59bc276a681516389ccf4702,978de5cca3d00974e70c8e8dd9158f76,184.0,1,108.341805,106.375885,1.9659195,97.157295,93.46755,3.689743,106.66824,103.46854,3.199707,59.475224,55.03266,4.442562,42.828426,38.64051,4.187916,25.988775,25.647398,0.34137726,53.822327,52.56181,1.2605171,27.36622,28.151144,0.78492355,17.522587,17.459503,0.06308365,31.020643,32.29127,1.270628,37.66543,38.188835,0.523407,80.06491,82.77563,2.7107162,74.04964,69.53517,4.5144653
59bc276a681516389ccf4702,ad6dcab30a5069b52ea11b3a2626ac8e,184.0,1,108.341805,106.37307,1.9687347,97.157295,93.46265,3.6946487,106.66824,103.46424,3.2040024,59.475224,55.031994,4.4432297,42.828426,38.641285,4.1871414,25.988775,25.647398,0.34137726,53.822327,52.56181,1.2605171,27.36622,28.14844,0.78221893,17.522587,17.459503,0.06308365,31.020643,32.290276,1.2696323,37.66543,38.186153,0.52072525,80.06491,82.77318,2.7082672,74.04964,69.53517,4.5144653
59bc276a681516389ccf4702,31e0a79c7e4d7dcf49f9a47d57396b09,184.0,1,108.341805,106.359024,1.9827805,97.157295,93.451195,3.7061005,106.66824,103.45748,3.210762,59.475224,55.026665,4.448559,42.828426,38.636646,4.19178,25.988775,25.644642,0.34413338,53.822327,52.55552,1.2668076,27.36622,28.145735,0.7795143,17.522587,17.456932,0.065654755,31.020643,32.286297,1.2656536,37.66543,38.18079,0.5153618,80.06491,82.7634,2.6984863,74.04964,69.52784,4.521797
59bc276a681516389ccf4702,f14cd2e6d44162026d7cd6fc0a3115ff,184.0,1,108.341805,106.35059,1.9912109,97.157295,93.43811,3.7191849,106.66824,103.44459,3.2236557,59.475224,55.019333,4.4558907,42.828426,38.63278,4.195648,25.988775,25.642803,0.34597206,53.822327,52.550804,1.2715225,27.36622,28.138975,0.77275467,17.522587,17.455463,0.06712341,31.020643,32.281326,1.2606831,37.66543,38.175426,0.5099983,80.06491,82.756065,2.6911545,74.04964,69.518074,4.531563
59bc276a681516389ccf4702,49c86a5199e8435e68242ea6e745cb11,184.0,1,108.341805,106.3534,1.9884033,97.157295,93.44629,3.7110062,106.66824,103.447044,3.221199,59.475224,55.02133,4.4538918,42.828426,38.634327,4.1940994,25.988775,25.64556,0.34321594,53.822327,52.55552,1.2668076,27.36622,28.141678,0.7754574,17.522587,17.455832,0.066755295,31.020643,32.281326,1.2606831,37.66543,38.17945,0.5140228,80.06491,82.760956,2.696045,74.04964,69.52296,4.52668
59bc276a681516389ccf4702,ff50e77566cd7b18057f872a7ef9969e,184.0,1,108.341805,106.3815,1.9603043,97.157295,93.46919,3.6881027,106.66824,103.4667,3.2015457,59.475224,55.031994,4.4432297,42.828426,38.642056,4.186371,25.988775,25.650154,0.33862114,53.822327,52.566525,1.2558022,27.36622,28.149792,0.78357124,17.522587,17.460606,0.0619812,31.020643,32.292267,1.2716236,37.66543,38.190178,0.52474976,80.06491,82.77807,2.7131577,74.04964,69.540054,4.5095825
59bc276a681516389ccf4702,0f67cba92529b2693839d238950f71a3,184.0,1,108.341805,106.36464,1.9771652,97.157295,93.45774,3.6995544,106.66824,103.461784,3.206459,59.475224,55.025997,4.4492264,42.828426,38.637417,4.1910095,25.988775,25.64556,0.34321594,53.822327,52.560238,1.2620888,27.36622,28.147087,0.7808666,17.522587,17.458769,0.06381798,31.020643,32.287292,1.2666492,37.66543,38.18347,0.5180435,80.06491,82.76585,2.7009354,74.04964,69.53028,4.519356
59bc276a681516389ccf4702,805bdb1d5eb344a1732737d0dbfeaec0,184.0,1,108.341805,106.36183,1.9799728,97.157295,93.46265,3.6946487,106.66824,103.45533,3.2129135,59.475224,55.02733,4.447895,42.828426,38.637417,4.1910095,25.988775,25.647398,0.34137726,53.822327,52.560238,1.2620888,27.36622,28.149792,0.78357124,17.522587,17.458769,0.06381798,31.020643,32.287292,1.2666492,37.66543,38.184814,0.5193863,80.06491,82.77318,2.7082672,74.04964,69.53761,4.512024
59bc276a681516389ccf4702,98c0a4d67072f3ce72eb9c05567e16cc,184.0,1,108.341805,106.37307,1.9687347,97.157295,93.46101,3.6962814,106.66824,103.4627,3.2055435,59.475224,55.031326,4.4438972,42.828426,38.639736,4.18869,25.988775,25.646479,0.3422966,53.822327,52.560238,1.2620888,27.36622,28.147087,0.7808666,17.522587,17.458035,0.06455231,31.020643,32.289284,1.2686405,37.66543,38.186153,0.52072525,80.06491,82.76829,2.7033768,74.04964,69.53028,4.519356
59bc276a681516389ccf4702,54e509b5bb7a61e06d03d9d64d3e69a7,184.0,1,108.341805,106.37026,1.9715424,97.157295,93.46755,3.689743,106.66824,103.45933,3.2089157,59.475224,55.034657,4.440567,42.828426,38.641285,4.1871414,25.988775,25.649237,0.33953857,53.822327,52.56338,1.2589455,27.36622,28.151144,0.78492355,17.522587,17.459503,0.06308365,31.020643,32.289284,1.2686405,37.66543,38.188835,0.523407,80.06491,82.77563,2.7107162,74.04964,69.540054,4.5095825
mPEeKV6ayBP8AZEpSrOlZH52Y5hGFzTp28UEVFaivvc,28b98c92dbef8ee760cedf885b6521a4,179.75,1,101.62619,105.02698,3.4007874,93.59641,91.972664,1.6237488,107.345985,102.58346,4.7625275,54.71983,54.54645,0.17337799,38.363544,38.222206,0.14133835,25.035744,25.226498,0.19075394,49.030685,51.737984,2.7072983,28.162905,27.665722,0.49718285,16.90002,17.185207,0.28518677,32.807064,31.837683,0.96938133,38.30309,37.54122,0.7618675,79.39052,81.52121,2.1306915,68.59048,68.21622,0.37425995
mPEeKV6ayBP8AZEpSrOlZH52Y5hGFzTp28UEVFaivvc,3edb9493a3887560cb9761d7b42b25b1,179.75,1,101.62619,105.02698,3.4007874,93.59641,91.97757,1.6188431,107.345985,102.58254,4.763443,54.71983,54.548286,0.17154312,38.363544,38.22298,0.14056396,25.035744,25.226498,0.19075394,49.030685,51.739555,2.70887,28.162905,27.669779,0.49312592,16.90002,17.18631,0.28628922,32.807064,31.840668,0.96639633,38.30309,37.543903,0.7591858,79.39052,81.5261,2.135582,68.59048,68.22354,0.36693573
mPEeKV6ayBP8AZEpSrOlZH52Y5hGFzTp28UEVFaivvc,16655f1996ae7d59f48852175077f76a,179.75,1,101.62619,105.03541,3.4092178,93.59641,91.98739,1.609024,107.345985,102.58469,4.761299,54.71983,54.553448,0.16638184,38.363544,38.2253,0.13824463,25.035744,25.230173,0.1944294,49.030685,51.744274,2.7135887,28.162905,27.670456,0.4924488,16.90002,17.18741,0.28738976,32.807064,31.84365,0.96341324,38.30309,37.547928,0.7551613,79.39052,81.53099,2.1404724,68.59048,68.22843,0.3620453
3IuFMuxOGgrsnMzvxLln5FuovY0dDmgrEjYVS478NbI,6ab1d061f51c6079633aeceed2faeb0b,170.5,0,97.17746,98.56348,1.3860168,88.81379,85.18188,3.6319122,105.3339,99.173676,6.160225,54.45959,52.51684,1.942749,36.60903,36.335587,0.27344513,24.105433,23.287872,0.8175602,46.19916,47.860973,1.6618118,26.365925,25.515133,0.85079193,16.764332,15.962813,0.80151844,30.53615,29.633898,0.9022522,35.362858,34.492886,0.8699722,76.81747,75.738205,1.0792618,65.99368,62.117287,3.8763962
2WFZf0LKl0M1kOXccb_Yj4jpwvNPuOzVKrIwHVC795M,aceb397777d0f40c7a1af4b6c403ad6b,174.5,1,105.92747,102.954445,2.9730225,96.55869,89.7291,6.82959,100.8925,101.32587,0.43336487,51.36037,53.83172,2.4713478,37.00982,37.59098,0.5811615,25.900545,24.582739,1.3178062,51.821648,50.466873,1.3547745,25.57686,26.937254,1.3603935,15.728053,16.775463,1.04741,30.658691,31.138899,0.48020744,38.342194,36.54969,1.7925034,77.929596,79.57969,1.6500931,69.680374,66.18527,3.495102
2WFZf0LKl0M1kOXccb_Yj4jpwvNPuOzVKrIwHVC795M,319b45f16e88a1bb658a2e3fecb000c4,174.5,1,105.92747,102.98676,2.9407043,96.55869,89.76427,6.794426,100.8925,101.33692,0.44441986,51.36037,53.8567,2.4963303,37.00982,37.604416,0.59459686,25.900545,24.595146,1.305399,51.821648,50.482594,1.3390541,25.57686,26.956522,1.3796616,15.728053,16.781338,1.0532846,30.658691,31.156305,0.4976139,38.342194,36.569134,1.7730598,77.929596,79.62003,1.6904373,69.680374,66.22924,3.4511337
Xs1k95LUvS_o-PlyPIppzxN6t_qt3oPuTjBvwInL9hA,242f438ca1c57c0405c7d7501def4dba,171.5,1,108.863815,101.67017,7.1936417,96.754105,88.36956,8.384544,102.813194,100.57162,2.2415771,50.501602,53.410973,2.9093704,36.918846,37.209694,0.29084778,25.087053,24.198053,0.88899994,48.102825,49.681664,1.5788383,29.06146,26.504778,2.5566826,18.813519,16.529396,2.2841225,32.130844,30.697742,1.4331017,37.44575,35.943394,1.5023575,78.67881,78.40994,0.2688675,65.46791,64.97271,0.4952011
Xs1k95LUvS_o-PlyPIppzxN6t_qt3oPuTjBvwInL9hA,54212f19650a8019a9627a68db3b8117,171.5,1,108.863815,101.66104,7.202774,96.754105,88.364655,8.38945,102.813194,100.565475,2.2477188,50.501602,53.408974,2.9073715,36.918846,37.208824,0.28997803,25.087053,24.196474,0.8905792,48.102825,49.678864,1.5760384,29.06146,26.504354,2.557106,18.813519,16.528753,2.2847652,32.130844,30.697308,1.4335365,37.44575,35.9418,1.503952,78.67881,78.40819,0.27062225,65.46791,64.97025,0.49765778
51HidTEgPHaEqb36iJpyrH8_lPnUIXZYtl-DuWSj_4g,a3b227351e7384b13c3ac460be6c8714,174.5,1,99.76354,102.96568,3.2021408,84.99791,89.75487,4.756958,102.34713,101.32095,1.0261765,57.910366,53.847374,4.062992,39.110275,37.60229,1.5079842,24.001339,24.594458,0.59311867,51.13706,50.477093,0.6599655,29.639984,26.953817,2.6861668,16.659153,16.7801,0.120946884,34.672756,31.144867,3.5278893,36.824905,36.5631,0.2618065,78.44836,79.61392,1.1655655,67.241066,66.22436,1.0167084
51HidTEgPHaEqb36iJpyrH8_lPnUIXZYtl-DuWSj_4g,7714081ac2e5d1b2d1641ef9882a0c46,174.5,1,99.76354,102.98395,3.2204056,84.99791,89.75201,4.754097,102.34713,101.327095,1.0200348,57.910366,53.844044,4.0663223,39.110275,37.601322,1.5089531,24.001339,24.593538,0.5921993,51.13706,50.48102,0.6560364,29.639984,26.950775,2.689209,16.659153,16.781614,0.12246132,34.672756,31.14785,3.5249062,36.824905,36.56444,0.2604637,78.44836,79.61514,1.1667862,67.241066,66.21947,1.0215988
51HidTEgPHaEqb36iJpyrH8_lPnUIXZYtl-DuWSj_4g,3ddf15be1b674a89435a9ad535bf7316,174.5,1,99.76354,102.97622,3.212677,84.99791,89.73156,4.73365,102.34713,101.32341,1.0237198,57.910366,53.83405,4.076317,39.110275,37.59543,1.5148468,24.001339,24.589172,0.5878334,51.13706,50.47552,0.6615372,29.639984,26.93793,2.702055,16.659153,16.7745,0.11534691,34.672756,31.140888,3.531868,36.824905,36.554386,0.27051926,78.44836,79.59864,1.1502838,67.241066,66.19932,1.041748
51HidTEgPHaEqb36iJpyrH8_lPnUIXZYtl-DuWSj_4g,2b9ca92704ea09a41bb1da574eda5506,174.5,1,99.76354,102.99308,3.229538,84.99791,89.77122,4.773308,102.34713,101.33569,1.0114365,57.910366,53.860035,4.050331,39.110275,37.607124,1.5031509,24.001339,24.599281,0.59794235,51.13706,50.4881,0.6489601,29.639984,26.960917,2.6790676,16.659153,16.784369,0.12521553,34.672756,31.154814,3.5179424,36.824905,36.571815,0.2530899,78.44836,79.629814,1.1814575,67.241066,66.240234,1.0008316
51HidTEgPHaEqb36iJpyrH8_lPnUIXZYtl-DuWSj_4g,14b04cfef99ad9d8cac930d647500d32,174.5,1,99.76354,102.987465,3.2239227,84.99791,89.76345,4.765541,102.34713,101.334465,1.0126648,57.910366,53.850372,4.0599937,39.110275,37.60345,1.5068245,24.001339,24.596066,0.59472656,51.13706,50.484165,0.65289307,29.639984,26.956184,2.6837997,16.659153,16.781523,0.122369766,34.672756,31.150337,3.522419,36.824905,36.566452,0.25845337,78.44836,79.62248,1.1741257,67.241066,66.22924,1.0118256
51HidTEgPHaEqb36iJpyrH8_lPnUIXZYtl-DuWSj_4g,988e88ec3068b74def584633939025ac,174.5,1,99.76354,102.99379,3.2302475,84.99791,89.776535,4.7786255,102.34713,101.33569,1.0114365,57.910366,53.859367,4.0509987,39.110275,37.60635,1.5039253,24.001339,24.601349,0.6000099,51.13706,50.490456,0.64660263,29.639984,26.963282,2.6767025,16.659153,16.783817,0.12466431,34.672756,31.154316,3.5184402,36.824905,36.572487,0.25241852,78.44836,79.638374,1.1900177,67.241066,66.24756,0.9935074
UWASPgFJuSCTGcnhDbYA1z5msuGUFK9E6KGdBVxT4yw,deb4504ea37af90f7c8ef53ea8ecc51b,155.0,0,93.79851,94.213264,0.41475677,82.94209,81.38741,1.5546799,98.97312,97.1001,1.873024,53.906075,51.305573,2.600502,35.278465,35.19743,0.081035614,22.791742,22.09088,0.7008629,44.15041,45.343906,1.1934967,25.303041,24.182592,1.1204491,15.556367,15.253023,0.30334377,31.065176,28.096571,2.968605,32.81366,32.631165,0.18249512,70.989426,71.97008,0.98065186,57.19936,58.289886,1.0905266
5hQbSphla0B_izpqBLN1pmev-FVtgTs8V24q8TKdfT0,2a62d9d2b61be6dc469e5ba8d824e165,172.0,1,104.08761,101.8892,2.19841,92.98531,88.591995,4.393318,102.95429,100.692,2.262291,50.361412,53.48426,3.1228485,35.425636,37.273193,1.8475571,25.22616,24.26244,0.9637203,53.771175,49.813038,3.9581375,26.929874,26.575945,0.35392952,17.26669,16.56942,0.69726944,28.879164,30.771353,1.892189,38.767754,36.044876,2.7228775,79.42752,78.60297,0.82455444,69.85707,65.17408,4.682991
5hQbSphla0B_izpqBLN1pmev-FVtgTs8V24q8TKdfT0,f62a16e2150065e78aef2bec41d35b12,172.0,1,104.08761,101.878654,2.2089539,92.98531,88.58463,4.4006805,102.95429,100.67972,2.2745743,50.361412,53.480263,3.1188507,35.425636,37.272808,1.8471718,25.22616,24.260717,0.96544266,53.771175,49.808716,3.9624596,26.929874,26.572575,0.3572998,17.26669,16.567308,0.6993809,28.879164,30.768616,1.889452,38.767754,36.04102,2.7267342,79.42752,78.59578,0.83174133,69.85707,65.168434,4.688637
6MHkDyybTIapywHVfDdNDF9gZ7RnXdRuZsRgej2Jeuw,1d4dcec980a24c5d0e0a47405133bda0,177.25,1,103.5219,104.09539,0.57349396,93.328964,90.95822,2.3707428,107.02319,102.01071,5.0124817,56.062202,54.240826,1.8213768,39.95918,37.944626,2.014553,24.750416,24.941149,0.19073296,50.71166,51.16571,0.45405197,26.332441,27.348644,1.0162029,17.181644,17.001978,0.17966652,30.97744,31.526836,0.5493965,37.438637,37.098083,0.34055328,79.710106,80.664154,0.95404816,67.94442,67.32226,0.62216187
6MHkDyybTIapywHVfDdNDF9gZ7RnXdRuZsRgej2Jeuw,b74e43ca4c2b3e8514a0c46efe81d76d,177.25,1,103.5219,104.11507,0.59317017,93.328964,90.97866,2.3503036,107.02319,102.01931,5.0038834,56.062202,54.25132,1.8108826,39.95918,37.9512,2.0079803,24.750416,24.946203,0.19578743,50.71166,51.176716,0.46505737,26.332441,27.356081,1.0236397,17.181644,17.006016,0.17562866,30.97744,31.534296,0.55685616,37.438637,37.10747,0.3311653,79.710106,80.683716,0.9736099,67.94442,67.340576,0.6038437
6MHkDyybTIapywHVfDdNDF9gZ7RnXdRuZsRgej2Jeuw,563c8b8acb6bede91ccc9a70b9d5a7d0,177.25,1,103.5219,104.10101,0.5791168,93.328964,90.96149,2.3674774,107.02319,102.008255,5.0149384,56.062202,54.229248,1.8329544,39.95918,37.94192,2.0172577,24.750416,24.937933,0.18751717,50.71166,51.167282,0.45562363,26.332441,27.344587,1.012146,17.181644,17.00161,0.18003464,30.97744,31.528328,0.55088806,37.438637,37.099426,0.3392105,79.710106,80.656815,0.9467087,67.94442,67.31249,0.6319275
6MHkDyybTIapywHVfDdNDF9gZ7RnXdRuZsRgej2Jeuw,16d5619b71b6fa5b6d6769b85deac1e7,177.25,1,103.5219,104.10101,0.5791168,93.328964,90.97171,2.357254,107.02319,102.01317,5.010025,56.062202,54.23289,1.8293114,39.95918,37.941147,2.018032,24.750416,24.94069,0.19027328,50.71166,51.171997,0.4603386,26.332441,27.34797,1.0155277,17.181644,17.002344,0.17930031,30.97744,31.530815,0.55337524,37.438637,37.103447,0.33518982,79.710106,80.669044,0.9589386,67.94442,67.32471,0.6197128
07e9Xq9EyvLh2Ub1D-IrXCKwYPbtbcKliFRPevZsW5Q,a7ddb7ffd1109dcc3034e64f1d55cb51,169.5,1,102.67831,100.79479,1.8835144,92.90947,87.45365,5.455818,98.98466,100.07779,1.093132,50.31558,53.121147,2.8055687,35.584652,36.953766,1.3691139,25.252865,23.928185,1.3246803,49.734818,49.141914,0.59290314,27.334467,26.198305,1.1361618,17.122637,16.359201,0.76343536,29.829132,30.394854,0.5657215,36.684345,35.52816,1.1561852,77.57264,77.58681,0.014167786,65.531845,64.11465,1.4171982
07e9Xq9EyvLh2Ub1D-IrXCKwYPbtbcKliFRPevZsW5Q,34412e29a2290b5aaeac3d93a7f98fa2,169.5,1,102.67831,100.80322,1.8750839,92.90947,87.466736,5.442734,98.98466,100.0827,1.0980453,50.31558,53.131805,2.816227,35.584652,36.955696,1.3710442,25.252865,23.933928,1.3189373,49.734818,49.147415,0.58740234,27.334467,26.207094,1.1273727,17.122637,16.362139,0.76049805,29.829132,30.397465,0.5683327,36.684345,35.533356,1.1509895,77.57264,77.60148,0.028839111,65.531845,64.132965,1.39888
Jq1XlswzbHZYGtIleoPLVpREae9PGg2X1p7sBaanq_E,6dbdb133723203b5f8e5512c44cf3b6d,180.7,1,103.57531,105.364204,1.7888947,90.17764,92.35211,2.174469,101.1048,102.79713,1.6923294,53.512955,54.67121,1.1582565,38.163525,38.330456,0.16693115,25.401905,25.332182,0.06972313,52.35115,51.94551,0.40563965,30.48117,27.791473,2.6896973,18.829111,17.256077,1.5730343,38.24999,31.95307,6.296919,38.821476,37.706142,1.1153336,81.19197,81.834206,0.6422348,69.658676,68.55084,1.1078339
Jq1XlswzbHZYGtIleoPLVpREae9PGg2X1p7sBaanq_E,ce5648a1710dbb8e4c61db1166347311,180.7,1,103.57531,105.381065,1.8057556,90.17764,92.3423,2.1646576,101.1048,102.79268,1.6878815,53.512955,54.65422,1.1412659,38.163525,38.327362,0.16383743,25.401905,25.330343,0.07156181,52.35115,51.948658,0.40249252,30.48117,27.778627,2.7025433,18.829111,17.252405,1.5767059,38.24999,31.95307,6.296919,38.821476,37.70346,1.1180153,81.19197,81.829315,0.63734436,69.658676,68.533745,1.1249313
Jq1XlswzbHZYGtIleoPLVpREae9PGg2X1p7sBaanq_E,2681091f904b5d300958518990f1f5ba,180.7,1,103.57531,105.37544,1.8001328,90.17764,92.35702,2.1793747,101.1048,102.7999,1.6950989,53.512955,54.677208,1.1642532,38.163525,38.332,0.1684761,25.401905,25.333101,0.06880379,52.35115,51.948658,0.40249252,30.48117,27.792149,2.689022,18.829111,17.255342,1.5737686,38.24999,31.959038,6.290951,38.821476,37.708824,1.1126518,81.19197,81.84154,0.64956665,69.658676,68.555725,1.102951
Jq1XlswzbHZYGtIleoPLVpREae9PGg2X1p7sBaanq_E,4e9ebcb8764899a5b2fe9130acff6bf9,180.7,1,103.57531,105.372635,1.7973251,90.17764,92.35866,2.181015,101.1048,102.8088,1.7040024,53.512955,54.67621,1.1632538,38.163525,38.330456,0.16693115,25.401905,25.334938,0.06696701,52.35115,51.95023,0.40092087,30.48117,27.795528,2.6856422,18.829111,17.257545,1.5715656,38.24999,31.958044,6.2919445,38.821476,37.710167,1.111309,81.19197,81.84643,0.6544571,69.658676,68.56061,1.0980682
YfDcP1ZRHwE52-DyoUNJZ_xr4BI0sgaEwoKRa9PRbH0,ca0ceece5d4d50f685f5170c61b243c2,191.0,1,108.63776,107.77818,0.85957336,102.331245,95.076935,7.2543106,108.70104,104.51239,4.188652,53.44179,55.56434,2.1225471,38.32157,39.089745,0.7681732,25.368204,26.112411,0.7442074,58.893646,53.450096,5.44355,26.564302,28.68389,2.119587,17.196285,17.766111,0.5698261,28.940063,32.76973,3.8296661,40.29206,38.879353,1.4127083,90.31515,84.13274,6.182411,71.59,70.98113,0.60886383
YfDcP1ZRHwE52-DyoUNJZ_xr4BI0sgaEwoKRa9PRbH0,711b13bc965a61193baa39d9aa35d744,191.0,1,108.63776,107.78099,0.85676575,102.331245,95.0802,7.251045,108.70104,104.516075,4.184967,53.44179,55.56567,2.1238785,38.32157,39.09129,0.76971817,25.368204,26.112411,0.7442074,58.893646,53.45324,5.440407,26.564302,28.686594,2.1222916,17.196285,17.76758,0.5712948,28.940063,32.771717,3.8316536,40.29206,38.879353,1.4127083,90.31515,84.13763,6.1775208,71.59,70.986015,0.603981
YfDcP1ZRHwE52-DyoUNJZ_xr4BI0sgaEwoKRa9PRbH0,f5b25cc8a5c2c29a31c6f6f838a1b3f5,191.0,1,108.63776,107.78942,0.84833527,102.331245,95.09001,7.241234,108.70104,104.523445,4.177597,53.44179,55.569668,2.1278763,38.32157,39.094383,0.7728119,25.368204,26.114248,0.74604416,58.893646,53.45324,5.440407,26.564302,28.69065,2.1263485,17.196285,17.769049,0.57276344,28.940063,32.775696,3.8356323,40.29206,38.882034,1.4100266,90.31515,84.13763,6.1775208,71.59,70.986015,0.603981
YfDcP1ZRHwE52-DyoUNJZ_xr4BI0sgaEwoKRa9PRbH0,d0049090835881abfd88d1d11abda717,191.0,1,108.63776,107.78942,0.84833527,102.331245,95.08347,7.247772,108.70104,104.523445,4.177597,53.44179,55.573666,2.131874,38.32157,39.092834,0.7712631,25.368204,26.114248,0.74604416,58.893646,53.45324,5.440407,26.564302,28.69065,2.1263485,17.196285,17.769049,0.57276344,28.940063,32.77371,3.8336449,40.29206,38.882034,1.4100266,90.31515,84.14252,6.1726303,71.59,70.9909,0.5990982
YfDcP1ZRHwE52-DyoUNJZ_xr4BI0sgaEwoKRa9PRbH0,615c12b6f4f760452045ccb78479bbaf,191.0,1,108.63776,107.73884,0.89891815,102.331245,95.04095,7.2902985,108.70104,104.49519,4.2058487,53.44179,55.549015,2.1072235,38.32157,39.082012,0.7604408,25.368204,26.105059,0.73685455,58.893646,53.434372,5.4592743,26.564302,28.674425,2.1101227,17.196285,17.760971,0.5646858,28.940063,32.757793,3.81773,40.29206,38.860584,1.4314766,90.31515,84.118065,6.1970825,71.59,70.961586,0.62841034
YfDcP1ZRHwE52-DyoUNJZ_xr4BI0sgaEwoKRa9PRbH0,938ddd41ca56874d8309fd0026c6b5b5,191.0,1,108.63776,107.74446,0.8932953,102.331245,95.04749,7.2837524,108.70104,104.49765,4.203392,53.44179,55.55168,2.10989,38.32157,39.082012,0.7604408,25.368204,26.106897,0.73869324,58.893646,53.437515,5.456131,26.564302,28.675777,2.111475,17.196285,17.760971,0.5646858,28.940063,32.757793,3.81773,40.29206,38.863266,1.4287949,90.31515,84.118065,6.1970825,71.59,70.96648,0.6235199
YfDcP1ZRHwE52-DyoUNJZ_xr4BI0sgaEwoKRa9PRbH0,49217945852198032a8cc0461e826b72,191.0,1,108.63776,107.7838,0.85395813,102.331245,95.0802,7.251045,108.70104,104.51853,4.1825104,53.44179,55.569668,2.1278763,38.32157,39.09129,0.76971817,25.368204,26.114248,0.74604416,58.893646,53.45324,5.440407,26.564302,28.687946,2.1236439,17.196285,17.76758,0.5712948,28.940063,32.771717,3.8316536,40.29206,38.882034,1.4100266,90.31515,84.14252,6.1726303,71.59,70.986015,0.603981
YfDcP1ZRHwE52-DyoUNJZ_xr4BI0sgaEwoKRa9PRbH0,be85a0dc71f8f3ca572b0ca475b382ad,191.0,1,108.63776,107.78661,0.8511429,102.331245,95.08675,7.244499,108.70104,104.523445,4.177597,53.44179,55.570335,2.1285439,38.32157,39.092834,0.7712631,25.368204,26.114248,0.74604416,58.893646,53.45324,5.440407,26.564302,28.69065,2.1263485,17.196285,17.769049,0.57276344,28.940063,32.77371,3.8336449,40.29206,38.882034,1.4100266,90.31515,84.14252,6.1726303,71.59,70.9909,0.5990982
YfDcP1ZRHwE52-DyoUNJZ_xr4BI0sgaEwoKRa9PRbH0,e60ff617bbafad53f72f73f7f80870ef,191.0,1,108.63776,107.7838,0.85395813,102.331245,95.07366,7.2575836,108.70104,104.51853,4.1825104,53.44179,55.56234,2.1205482,38.32157,39.09129,0.76971817,25.368204,26.112411,0.7442074,58.893646,53.450096,5.44355,26.564302,28.686594,2.1222916,17.196285,17.76758,0.5712948,28.940063,32.76973,3.8296661,40.29206,38.879353,1.4127083,90.31515,84.13274,6.182411,71.59,70.98113,0.60886383
YfDcP1ZRHwE52-DyoUNJZ_xr4BI0sgaEwoKRa9PRbH0,c54ca23feeb75cd6962c541d87bf27c9,191.0,1,108.63776,107.7557,0.8820572,102.331245,95.050766,7.2804794,108.70104,104.493965,4.207077,53.44179,55.548347,2.106556,38.32157,39.083557,0.7619858,25.368204,26.105059,0.73685455,58.893646,53.437515,5.456131,26.564302,28.67172,2.107418,17.196285,17.760237,0.5639515,28.940063,32.761772,3.8217087,40.29206,38.865948,1.4261131,90.31515,84.108284,6.2068634,71.59,70.9567,0.63329315
YfDcP1ZRHwE52-DyoUNJZ_xr4BI0sgaEwoKRa9PRbH0,bc94e43f39f24541bdb4934327046a7c,191.0,1,108.63776,107.76132,0.8764343,102.331245,95.06058,7.270668,108.70104,104.50011,4.2009354,53.44179,55.554344,2.1125526,38.32157,39.085102,0.76353073,25.368204,26.108734,0.74053,58.893646,53.443806,5.4498405,26.564302,28.677128,2.1128254,17.196285,17.763174,0.5668888,28.940063,32.76376,3.8236961,40.29206,38.86863,1.4234314,90.31515,84.118065,6.1970825,71.59,70.96648,0.6235199
YfDcP1ZRHwE52-DyoUNJZ_xr4BI0sgaEwoKRa9PRbH0,a3761d011e5af0c82f02e83e46e5a232,191.0,1,108.63776,107.76413,0.8736267,102.331245,95.06058,7.270668,108.70104,104.50011,4.2009354,53.44179,55.55568,2.1138878,38.32157,39.08665,0.7650795,25.368204,26.108734,0.74053,58.893646,53.443806,5.4498405,26.564302,28.678482,2.1141796,17.196285,17.763174,0.5668888,28.940063,32.76575,3.8256874,40.29206,38.87131,1.4207497,90.31515,84.122955,6.192192,71.59,70.97136,0.6186371
YfDcP1ZRHwE52-DyoUNJZ_xr4BI0sgaEwoKRa9PRbH0,92c1bde82048cbbdde0f13f5c5d996d3,191.0,1,108.63776,107.76413,0.8736267,102.331245,95.06058,7.270668,108.70104,104.50256,4.1984787,53.44179,55.55368,2.111889,38.32157,39.085102,0.76353073,25.368204,26.108734,0.74053,58.893646,53.443806,5.4498405,26.564302,28.675777,2.111475,17.196285,17.763174,0.5668888,28.940063,32.76376,3.8236961,40.29206,38.87131,1.4207497,90.31515,84.118065,6.1970825,71.59,70.96648,0.6235199
YfDcP1ZRHwE52-DyoUNJZ_xr4BI0sgaEwoKRa9PRbH0,0dcb07bb38f0fc7c566e575ae60a0fd1,191.0,1,108.63776,107.76413,0.8736267,102.331245,95.06058,7.270668,108.70104,104.50256,4.1984787,53.44179,55.55501,2.1132202,38.32157,39.085102,0.76353073,25.368204,26.108734,0.74053,58.893646,53.443806,5.4498405,26.564302,28.677128,2.1128254,17.196285,17.763174,0.5668888,28.940063,32.76376,3.8236961,40.29206,38.87131,1.4207497,90.31515,84.122955,6.192192,71.59,70.96648,0.6235199
YfDcP1ZRHwE52-DyoUNJZ_xr4BI0sgaEwoKRa9PRbH0,beb2ff7eba4dc980b6fc3edcc6fd5eb5,191.0,1,108.63776,107.78099,0.85676575,102.331245,95.07366,7.2575836,108.70104,104.51976,4.181282,53.44179,55.567005,2.1252136,38.32157,39.089745,0.7681732,25.368204,26.112411,0.7442074,58.893646,53.450096,5.44355,26.564302,28.685242,2.1209393,17.196285,17.766846,0.57056046,28.940063,32.771717,3.8316536,40.29206,38.879353,1.4127083,90.31515,84.13763,6.1775208,71.59,70.986015,0.603981
YfDcP1ZRHwE52-DyoUNJZ_xr4BI0sgaEwoKRa9PRbH0,ec478c31326f4caa634b20bfda71c1ec,191.0,1,108.63776,107.77818,0.85957336,102.331245,95.057304,7.273941,108.70104,104.50993,4.1911087,53.44179,55.559673,2.1178818,38.32157,39.088196,0.76662445,25.368204,26.108734,0.74053,58.893646,53.44695,5.446697,26.564302,28.678482,2.1141796,17.196285,17.765377,0.5690918,28.940063,32.76774,3.8276749,40.29206,38.873993,1.4180679,90.31515,84.122955,6.192192,71.59,70.97136,0.6186371
YfDcP1ZRHwE52-DyoUNJZ_xr4BI0sgaEwoKRa9PRbH0,f00a3c9b6312237e47521f3aed47722c,191.0,1,108.63776,107.78099,0.85676575,102.331245,95.06384,7.2674026,108.70104,104.50993,4.1911087,53.44179,55.56034,2.1185493,38.32157,39.088196,0.76662445,25.368204,26.110573,0.7423687,58.893646,53.44695,5.446697,26.564302,28.678482,2.1141796,17.196285,17.764643,0.56835747,28.940063,32.76774,3.8276749,40.29206,38.873993,1.4180679,90.31515,84.122955,6.192192,71.59,70.97136,0.6186371
YfDcP1ZRHwE52-DyoUNJZ_xr4BI0sgaEwoKRa9PRbH0,3ca3620030c3d0fdd62e907539d673e5,191.0,1,108.63776,107.77537,0.8623886,102.331245,95.07039,7.2608566,108.70104,104.51239,4.188652,53.44179,55.56034,2.1185493,38.32157,39.088196,0.76662445,25.368204,26.110573,0.7423687,58.893646,53.44695,5.446697,26.564302,28.682537,2.1182346,17.196285,17.766111,0.5698261,28.940063,32.76774,3.8276749,40.29206,38.87667,1.41539,90.31515,84.127846,6.1873016,71.59,70.97624,0.6137543
YfDcP1ZRHwE52-DyoUNJZ_xr4BI0sgaEwoKRa9PRbH0,246d38b3fcd309124149bdf094ad4406,191.0,1,108.63776,107.77537,0.8623886,102.331245,95.06384,7.2674026,108.70104,104.51116,4.1898804,53.44179,55.56101,2.119217,38.32157,39.088196,0.76662445,25.368204,26.108734,0.74053,58.893646,53.44695,5.446697,26.564302,28.681185,2.1168823,17.196285,17.765377,0.5690918,28.940063,32.76774,3.8276749,40.29206,38.873993,1.4180679,90.31515,84.127846,6.1873016,71.59,70.97136,0.6186371
YfDcP1ZRHwE52-DyoUNJZ_xr4BI0sgaEwoKRa9PRbH0,3ff5ba00bbf4290ba69d7b72520d901a,191.0,1,108.63776,107.76975,0.86800385,102.331245,95.06384,7.2674026,108.70104,104.50748,4.1935654,53.44179,55.55701,2.115219,38.32157,39.08665,0.7650795,25.368204,26.110573,0.7423687,58.893646,53.44695,5.446697,26.564302,28.679832,2.11553,17.196285,17.764643,0.56835747,28.940063,32.76575,3.8256874,40.29206,38.87131,1.4207497,90.31515,84.127846,6.1873016,71.59,70.97136,0.6186371
r51xiWOSHi5mURV_03yspWiI8q1wvlXqwlVn88NNcb0,a3e92ba1768f55b8d816dde5722c7fe9,171.0,0,94.45041,98.76862,4.3182144,83.500916,85.38469,1.8837738,104.73074,99.28178,5.448967,55.05096,52.575474,2.4754868,36.552708,36.390484,0.16222382,23.597214,23.348526,0.24868774,49.05827,47.98675,1.071518,24.893204,25.58274,0.68953705,15.476007,16.001001,0.5249939,29.460678,29.709497,0.24881935,34.15133,34.58808,0.43675232,80.46194,75.92771,4.5342255,61.595585,62.312687,0.71710205
6pdpwmyFhQBOKSH4n1ykZQ6BL2tWTf6ddaF_golkq_I,963447ef370ada5c9d73f970e6422187,173.5,1,104.255424,102.54064,1.7147827,90.23008,89.29037,0.9397125,105.87132,101.06667,4.8046494,51.398304,53.698463,2.3001595,37.670975,37.468575,0.20240021,25.066282,24.461662,0.60462,51.15544,50.214535,0.9409065,28.964249,26.802883,2.1613655,16.978323,16.696344,0.2819786,31.797182,30.996157,0.8010254,37.74357,36.35628,1.3872871,78.135284,79.21229,1.0770035,68.41789,65.8073,2.6105957
6pdpwmyFhQBOKSH4n1ykZQ6BL2tWTf6ddaF_golkq_I,42d0c0d2522f22ece6f41107b4fbe81b,173.5,1,104.255424,102.5431,1.712326,90.23008,89.29282,0.93725586,105.87132,101.07527,4.796051,51.398304,53.70113,2.302826,37.670975,37.46954,0.20143509,25.066282,24.46373,0.6025524,51.15544,50.21611,0.93933105,28.964249,26.806095,2.1581535,16.978323,16.697985,0.2803383,31.797182,30.998396,0.79878616,37.74357,36.357956,1.3856125,78.135284,79.21657,1.0812836,68.41789,65.81402,2.6038742
B1EmAqa-3fmzu1QK7URXNIRTDCHrCquueFZNV7V5MHY,3ecf0a37b993198597f7e020454ba030,151.0,0,93.48435,93.70742,0.22306824,82.94328,81.06685,1.8764343,99.00365,96.93304,2.07061,54.60779,51.19364,3.4141502,36.677284,35.073715,1.603569,21.820911,21.96957,0.14865875,41.464306,45.076633,3.6123276,23.900755,24.058193,0.15743828,14.54743,15.192069,0.644639,29.220331,27.929459,1.2908726,32.188282,32.446133,0.25785065,66.75329,71.58862,4.835335,56.559277,57.908855,1.3495789
B1EmAqa-3fmzu1QK7URXNIRTDCHrCquueFZNV7V5MHY,824ed0ff9b15b290d14cdf3449802de1,151.0,0,93.48435,93.69056,0.20620728,82.94328,81.0603,1.8829803,99.00365,96.91338,2.0902634,54.60779,51.185646,3.4221458,36.677284,35.073715,1.603569,21.820911,21.964058,0.14314651,41.464306,45.0672,3.6028938,23.900755,24.050081,0.14932632,14.54743,15.189132,0.6417017,29.220331,27.917522,1.3028088,32.188282,32.438087,0.24980545,66.75329,71.573944,4.820656,56.559277,57.889317,1.33004
B1EmAqa-3fmzu1QK7URXNIRTDCHrCquueFZNV7V5MHY,ff3d63553765e41ac6cdc6c604084f4f,151.0,0,93.48435,93.701805,0.217453,82.94328,81.06685,1.8764343,99.00365,96.93304,2.07061,54.60779,51.19364,3.4141502,36.677284,35.07217,1.605114,21.820911,21.96957,0.14865875,41.464306,45.076633,3.6123276,23.900755,24.059546,0.15879059,14.54743,15.192069,0.644639,29.220331,27.92548,1.2948513,32.188282,32.446133,0.25785065,66.75329,71.59351,4.840225,56.559277,57.913742,1.3544655
B1EmAqa-3fmzu1QK7URXNIRTDCHrCquueFZNV7V5MHY,bc80c8e24f7ea62d5258ee018466b172,151.0,0,93.48435,93.701805,0.217453,82.94328,81.0603,1.8829803,99.00365,96.92812,2.0755234,54.60779,51.19364,3.4141502,36.677284,35.073715,1.603569,21.820911,21.971409,0.15049744,41.464306,45.076633,3.6123276,23.900755,24.060898,0.1601429,14.54743,15.192069,0.644639,29.220331,27.92548,1.2948513,32.188282,32.44345,0.2551689,66.75329,71.59351,4.840225,56.559277,57.918625,1.3593483
B1EmAqa-3fmzu1QK7URXNIRTDCHrCquueFZNV7V5MHY,c174bf8b2eea283c65970efcf31a0ec0,151.0,0,93.48435,93.69618,0.21183014,82.94328,81.06685,1.8764343,99.00365,96.92812,2.0755234,54.60779,51.190975,3.4168167,36.677284,35.073715,1.603569,21.820911,21.96957,0.14865875,41.464306,45.07349,3.6091843,23.900755,24.058193,0.15743828,14.54743,15.192069,0.644639,29.220331,27.92349,1.2968407,32.188282,32.44345,0.2551689,66.75329,71.58862,4.835335,56.559277,57.908855,1.3495789
B1EmAqa-3fmzu1QK7URXNIRTDCHrCquueFZNV7V5MHY,b48aa0e8eb43a8085354acb32765e4b1,151.0,0,93.48435,93.69618,0.21183014,82.94328,81.0603,1.8829803,99.00365,96.92812,2.0755234,54.60779,51.190975,3.4168167,36.677284,35.073715,1.603569,21.820911,21.96957,0.14865875,41.464306,45.07349,3.6091843,23.900755,24.059546,0.15879059,14.54743,15.192069,0.644639,29.220331,27.92548,1.2948513,32.188282,32.44345,0.2551689,66.75329,71.58862,4.835335,56.559277,57.908855,1.3495789
B1EmAqa-3fmzu1QK7URXNIRTDCHrCquueFZNV7V5MHY,7ec4a7488cd9b85c3bc77fafaf6cd41b,151.0,0,93.48435,93.69618,0.21183014,82.94328,81.0603,1.8829803,99.00365,96.9183,2.08535,54.60779,51.190975,3.4168167,36.677284,35.07217,1.605114,21.820911,21.96957,0.14865875,41.464306,45.07349,3.6091843,23.900755,24.056843,0.15608788,14.54743,15.192069,0.644639,29.220331,27.921501,1.29883,32.188282,32.44077,0.25248718,66.75329,71.58862,4.835335,56.559277,57.908855,1.3495789
B1EmAqa-3fmzu1QK7URXNIRTDCHrCquueFZNV7V5MHY,34c60de23666f2a27d72749d3c283c90,151.0,0,93.48435,93.69618,0.21183014,82.94328,81.053764,1.8895187,99.00365,96.92321,2.0804367,54.60779,51.190975,3.4168167,36.677284,35.07217,1.605114,21.820911,21.96957,0.14865875,41.464306,45.076633,3.6123276,23.900755,24.059546,0.15879059,14.54743,15.192069,0.644639,29.220331,27.921501,1.29883,32.188282,32.44345,0.2551689,66.75329,71.58862,4.835335,56.559277,57.913742,1.3544655
B1EmAqa-3fmzu1QK7URXNIRTDCHrCquueFZNV7V5MHY,377b022341769c4c4bce6682e04b6990,151.0,0,93.48435,93.69618,0.21183014,82.94328,81.0603,1.8829803,99.00365,96.92321,2.0804367,54.60779,51.19631,3.4114838,36.677284,35.073715,1.603569,21.820911,21.971409,0.15049744,41.464306,45.07349,3.6091843,23.900755,24.06225,0.16149521,14.54743,15.192069,0.644639,29.220331,27.92548,1.2948513,32.188282,32.44345,0.2551689,66.75329,71.59351,4.840225,56.559277,57.913742,1.3544655
B1EmAqa-3fmzu1QK7URXNIRTDCHrCquueFZNV7V5MHY,8d908a83f53fcfad5221eaefce835c11,151.0,0,93.48435,93.701805,0.217453,82.94328,81.053764,1.8895187,99.00365,96.93304,2.07061,54.60779,51.19364,3.4141502,36.677284,35.07217,1.605114,21.820911,21.96957,0.14865875,41.464306,45.07349,3.6091843,23.900755,24.06225,0.16149521,14.54743,15.192069,0.644639,29.220331,27.92349,1.2968407,32.188282,32.44077,0.25248718,66.75329,71.58862,4.835335,56.559277,57.913742,1.3544655
B1EmAqa-3fmzu1QK7URXNIRTDCHrCquueFZNV7V5MHY,33a9b0e087f6ef2361ab346c03991069,151.0,0,93.48435,93.701805,0.217453,82.94328,81.053764,1.8895187,99.00365,96.93304,2.07061,54.60779,51.19364,3.4141502,36.677284,35.07217,1.605114,21.820911,21.96957,0.14865875,41.464306,45.07349,3.6091843,23.900755,24.06225,0.16149521,14.54743,15.192069,0.644639,29.220331,27.92349,1.2968407,32.188282,32.44077,0.25248718,66.75329,71.58862,4.835335,56.559277,57.913742,1.3544655
B1EmAqa-3fmzu1QK7URXNIRTDCHrCquueFZNV7V5MHY,a87f69c941eb2ca0024c40731615e6c1,151.0,0,93.48435,93.69618,0.21183014,82.94328,81.053764,1.8895187,99.00365,96.93304,2.07061,54.60779,51.19631,3.4114838,36.677284,35.07217,1.605114,21.820911,21.967733,0.14682198,41.464306,45.070347,3.606041,23.900755,24.060898,0.1601429,14.54743,15.193538,0.6461077,29.220331,27.92548,1.2948513,32.188282,32.44345,0.2551689,66.75329,71.58373,4.8304443,56.559277,57.908855,1.3495789
B1EmAqa-3fmzu1QK7URXNIRTDCHrCquueFZNV7V5MHY,f1f1c7a073828b76f98a3675412190ca,151.0,0,93.48435,93.69618,0.21183014,82.94328,81.053764,1.8895187,99.00365,96.92321,2.0804367,54.60779,51.19631,3.4114838,36.677284,35.073715,1.603569,21.820911,21.96957,0.14865875,41.464306,45.07349,3.6091843,23.900755,24.06225,0.16149521,14.54743,15.192069,0.644639,29.220331,27.92349,1.2968407,32.188282,32.44345,0.2551689,66.75329,71.58862,4.835335,56.559277,57.913742,1.3544655
lWosDwk9v0WlDhLh-pvR_9YLzzzL9T3SmzEIt54NWpg,61116880ef75ff2803222709bca7e3bf,167.2,0,77.118546,97.29326,20.174713,67.111755,83.95522,16.843468,89.1856,98.51033,9.32473,45.094177,52.118416,7.0242386,32.709736,35.983006,3.2732697,22.27756,22.915218,0.6376591,49.68044,47.10318,2.577259,21.200434,25.087177,3.8867435,14.936947,15.73405,0.7971029,23.936462,29.177822,5.2413597,31.30209,33.91432,2.6122322,79.17712,74.57182,4.6052933,58.549347,60.927788,2.3784409
Z7fkTe67cfrHsJ3PSoVuhD-K3EcFO6HATvSnOK-kbPg,a4cefe30e95c4af251fb1e4289f1abc2,177.0,1,107.04588,104.00406,3.0418243,86.56544,90.85927,4.293831,104.06634,101.94868,2.1176605,56.353073,54.188835,2.164238,40.387623,37.910606,2.4770164,26.56955,24.905767,1.6637821,50.06116,51.108322,1.0471611,28.04532,27.306051,0.73926926,16.773378,16.979946,0.20656776,32.785732,31.496,1.289732,38.032246,37.052498,0.9797478,77.6022,80.562675,2.960472,70.71127,67.20991,3.5013657
Z7fkTe67cfrHsJ3PSoVuhD-K3EcFO6HATvSnOK-kbPg,28470e395fca856179cf717e11b878a0,177.0,1,107.04588,104.01671,3.0291748,86.56544,90.86785,4.302414,104.06634,101.95666,2.1096802,56.353073,54.19662,2.1564522,40.387623,37.91331,2.4743118,26.56955,24.908524,1.661026,50.06116,51.11304,1.0518799,28.04532,27.308756,0.73656464,16.773378,16.981598,0.20821953,32.785732,31.498983,1.2867489,38.032246,37.05719,0.9750557,77.6022,80.567566,2.9653625,70.71127,67.21479,3.4964828
extNk1CQ8sO6YQ6w9Rj31axV4wJTI-n__UbDEtCsGdA,6c4183393c28371095144c5f587eba99,176.5,1,106.44541,103.81999,2.6254196,97.37837,90.644196,6.7341766,102.36412,101.83627,0.5278473,54.584545,54.122543,0.4620018,37.90568,37.85068,0.055000305,24.284935,24.845573,0.5606384,51.22417,50.991196,0.232975,26.786358,27.238106,0.4517479,17.20478,16.943592,0.2611885,31.049938,31.43184,0.3819027,36.332527,36.95998,0.62745285,81.45199,80.3854,1.0665894,68.161156,67.02428,1.136879
extNk1CQ8sO6YQ6w9Rj31axV4wJTI-n__UbDEtCsGdA,4490d24306ce27e8ae77aea035d8b833,176.5,1,106.44541,103.83123,2.6141815,97.37837,90.67445,6.7039185,102.36412,101.84856,0.51556396,54.584545,54.131245,0.45330048,37.90568,37.85764,0.048042297,24.284935,24.84833,0.56339455,51.22417,50.997486,0.22668457,26.786358,27.243515,0.45715714,17.20478,16.944328,0.26045227,31.049938,31.44129,0.3913517,36.332527,36.968697,0.63616943,81.45199,80.39151,1.0604782,68.161156,67.03404,1.1271133
hW2nKkigYEBoUOo14i3BHifQZLX6rw35VSPoWZxPNN4,4392c579020dac4011092146e2617b9b,162.0,0,96.79849,95.6802,1.1182938,91.503555,82.52576,8.977798,106.70866,97.72905,8.979607,51.7845,51.668022,0.11647797,35.16099,35.559288,0.39829636,21.87794,22.46675,0.58880997,46.8535,46.16459,0.68891144,23.509464,24.586884,1.0774193,15.261707,15.465998,0.20429039,26.405987,28.606857,2.2008705,33.430225,33.21844,0.21178436,72.57724,73.16825,0.59101105,62.569878,59.50137,3.0685081
hW2nKkigYEBoUOo14i3BHifQZLX6rw35VSPoWZxPNN4,cfbeb1de609119588efd5fab77172ce6,162.0,0,96.79849,95.685814,1.1126785,91.503555,82.532295,8.97126,106.70866,97.72905,8.979607,51.7845,51.669353,0.11514664,35.16099,35.559288,0.39829636,21.87794,22.468586,0.59064674,46.8535,46.16459,0.68891144,23.509464,24.589588,1.0801239,15.261707,15.466732,0.20502472,26.405987,28.608847,2.2028599,33.430225,33.221123,0.20910263,72.57724,73.16825,0.59101105,62.569878,59.506252,3.0636253
S8DNkHWYnqSYrSKVjzT48pSx5KnBvkPR9YANe3OxRNk,c0ecaef8a33e1ba2a7b7a9912d2de9bb,175.5,1,102.76889,103.41743,0.6485367,90.69121,90.22529,0.4659195,103.7308,101.602264,2.1285324,54.966026,54.003113,0.9629135,39.106365,37.733154,1.3732109,23.586014,24.725643,1.1396294,50.469864,50.743576,0.27371216,26.339323,27.107624,0.768301,16.544615,16.86639,0.32177544,31.227755,31.301037,0.07328224,36.974396,36.772266,0.20212936,78.88887,80.01861,1.1297379,66.715805,66.64324,0.07256317
QhxNLGGNPt_CLAWdS2v9-VV6QzaYIjd0kYa2TSu167Y,d67e6ef92d1f1d945854e88d359d4573,179.5,1,104.91072,104.935646,0.024925232,90.32597,91.8778,1.5518265,101.25368,102.520195,1.2665176,57.60517,54.514973,3.0901985,40.15116,38.19437,1.9567909,25.195501,25.198927,0.0034255981,49.509373,51.68453,2.1751556,28.541563,27.6353,0.90626335,16.688437,17.167215,0.47877884,33.460567,31.808836,1.6517315,37.511177,37.501,0.010177612,80.537506,81.44052,0.90301514,67.52769,68.13073,0.6030426
QhxNLGGNPt_CLAWdS2v9-VV6QzaYIjd0kYa2TSu167Y,98ca160fb3b189dcaf722c33e2ece656,179.5,1,104.91072,104.94408,0.033355713,90.32597,91.892525,1.5665512,101.25368,102.5248,1.2711258,57.60517,54.52413,3.0810394,40.15116,38.199783,1.9513779,25.195501,25.202602,0.007101059,49.509373,51.689247,2.1798744,28.541563,27.643412,0.8981514,16.688437,17.17052,0.48208427,33.460567,31.812817,1.6477509,37.511177,37.506363,0.004814148,80.537506,81.45274,0.9152374,67.52769,68.145386,0.61769867
1vpJCFKSupem5PPO9F-bvDjy5iKLyHyuryg5RDYyus0,b1dc9688b7ed82f5e614f591920b6178,170.2,1,104.44013,101.08775,3.3523788,95.426155,87.74969,7.676468,101.30904,100.239944,1.0690918,51.06829,53.211758,2.143467,34.152714,37.036884,2.8841705,23.381966,24.017557,0.6355915,48.6314,49.321537,0.69013596,26.774527,26.297688,0.47683907,16.33765,16.415014,0.07736397,29.320961,30.495195,1.1742344,36.510952,35.663918,0.84703445,76.785706,77.859146,1.0734406,65.63807,64.395836,1.2422333
1vpJCFKSupem5PPO9F-bvDjy5iKLyHyuryg5RDYyus0,ec6ba6939808377a26e0c7102fae2923,170.2,1,104.44013,101.07862,3.3615112,95.426155,87.739876,7.6862793,101.30904,100.22275,1.0862885,51.06829,53.20976,2.141468,34.152714,37.034565,2.8818512,23.381966,24.016752,0.6347866,48.6314,49.319374,0.687973,26.774527,26.294308,0.4802189,16.33765,16.412811,0.07516098,29.320961,30.487051,1.16609,36.510952,35.66157,0.8493805,76.785706,77.85518,1.0694733,65.63807,64.39187,1.2462006
LWS7u2dM1oIlDpu0qfB0Fh8kUXtyKa2Bzu2Zy8gx69U,99dcaddea7cc331d837f313844ef7afc,171.5,0,99.97806,98.99063,0.98742676,92.221535,85.60385,6.6176834,100.67242,99.414444,1.2579727,51.241375,52.634106,1.3927307,38.43519,36.45157,1.9836197,24.236145,23.404585,0.83156013,47.39052,48.108593,0.7180748,24.698652,25.648994,0.9503422,16.617823,16.037722,0.580101,27.695332,29.787582,2.0922508,34.301003,34.68261,0.38160706,78.29131,76.10499,2.186325,63.766186,62.484886,1.2812996
LWS7u2dM1oIlDpu0qfB0Fh8kUXtyKa2Bzu2Zy8gx69U,bca3de6a07563a5d361989369f55c6dd,171.5,0,99.97806,98.9822,0.99585724,92.221535,85.60058,6.6209564,100.67242,99.40216,1.270256,51.241375,52.6461,1.4047241,38.43519,36.453888,1.9813004,24.236145,23.411018,0.82512665,47.39052,48.114098,0.7235794,24.698652,25.654404,0.9557514,16.617823,16.039557,0.57826614,27.695332,29.790068,2.094736,34.301003,34.68529,0.3842888,78.29131,76.12455,2.1667633,63.766186,62.511753,1.2544327
LWS7u2dM1oIlDpu0qfB0Fh8kUXtyKa2Bzu2Zy8gx69U,03c56b3babc7eb149e13600bd2425bd4,171.5,0,99.97806,98.97658,1.0014801,92.221535,85.587494,6.634041,100.67242,99.40462,1.2677994,51.241375,52.648766,1.4073906,38.43519,36.453114,1.9820747,24.236145,23.40826,0.8278847,47.39052,48.10702,0.71650314,24.698652,25.653051,0.9543991,16.617823,16.038088,0.5797348,27.695332,29.786089,2.0907574,34.301003,34.68328,0.38227844,78.29131,76.11111,2.1802063,63.766186,62.500763,1.2654228
LWS7u2dM1oIlDpu0qfB0Fh8kUXtyKa2Bzu2Zy8gx69U,8fadf91d63a9ac95741e0a65b78a34be,171.5,0,99.97806,98.98782,0.9902344,92.221535,85.60385,6.6176834,100.67242,99.40216,1.270256,51.241375,52.6461,1.4047241,38.43519,36.455433,1.9797554,24.236145,23.411018,0.82512665,47.39052,48.114098,0.7235794,24.698652,25.65508,0.9564285,16.617823,16.039925,0.577898,27.695332,29.787582,2.0922508,34.301003,34.68529,0.3842888,78.29131,76.12211,2.1692047,63.766186,62.508087,1.2580986
LWS7u2dM1oIlDpu0qfB0Fh8kUXtyKa2Bzu2Zy8gx69U,8cd42beaac3b9d9640bb6e886e5f8738,171.5,0,99.97806,98.94848,1.0295792,92.221535,85.55151,6.670021,100.67242,99.370224,1.3021927,51.241375,52.610123,1.3687477,38.43519,36.438423,1.9967651,24.236145,23.395395,0.84074974,47.39052,48.09523,0.7047119,24.698652,25.62263,0.9239769,16.617823,16.029276,0.58854675,27.695332,29.76122,2.0658894,34.301003,34.663166,0.36216354,78.29131,76.06709,2.2242203,63.766186,62.444584,1.3216019
LWS7u2dM1oIlDpu0qfB0Fh8kUXtyKa2Bzu2Zy8gx69U,baee41685f6f6e44e108b3bd4f802082,171.5,0,99.97806,98.95972,1.0183411,92.221535,85.57768,6.643852,100.67242,99.36531,1.307106,51.241375,52.635437,1.394062,38.43519,36.448475,1.9867134,24.236145,23.407803,0.82834244,47.39052,48.10545,0.7149315,24.698652,25.642235,0.94358253,16.617823,16.034784,0.58303833,27.695332,29.77465,2.079319,34.301003,34.674564,0.37356186,78.29131,76.101326,2.1899872,63.766186,62.493435,1.2727509
LWS7u2dM1oIlDpu0qfB0Fh8kUXtyKa2Bzu2Zy8gx69U,fe3f612bdf7afea81221e0a5ba83853a,171.5,0,99.97806,98.96253,1.0155258,92.221535,85.580956,6.640579,100.67242,99.37268,1.299736,51.241375,52.635437,1.394062,38.43519,36.44925,1.985939,24.236145,23.406424,0.82972145,47.39052,48.102306,0.7117882,24.698652,25.643587,0.94493484,16.617823,16.034416,0.58340645,27.695332,29.776142,2.0808105,34.301003,34.673225,0.3722229,78.29131,76.1001,2.1912155,63.766186,62.49099,1.2751961
LWS7u2dM1oIlDpu0qfB0Fh8kUXtyKa2Bzu2Zy8gx69U,6f5dc9ad29b971d15a0022e2e7f5ba1d,171.5,0,99.97806,98.9541,1.0239563,92.221535,85.55805,6.6634827,100.67242,99.37268,1.299736,51.241375,52.632774,1.3913994,38.43519,36.44538,1.9898071,24.236145,23.403206,0.83293915,47.39052,48.096016,0.70549774,24.698652,25.640205,0.9415531,16.617823,16.032948,0.5848751,27.695332,29.770672,2.0753403,34.301003,34.670544,0.36954117,78.29131,76.089096,2.202217,63.766186,62.48244,1.2837448
LWS7u2dM1oIlDpu0qfB0Fh8kUXtyKa2Bzu2Zy8gx69U,dbb23689d286bbff6cbc2a76f41b2efd,171.5,0,99.97806,98.9541,1.0239563,92.221535,85.561325,6.6602097,100.67242,99.36777,1.3046494,51.241375,52.614117,1.3727417,38.43519,36.44229,1.992897,24.236145,23.398611,0.83753395,47.39052,48.097588,0.7070694,24.698652,25.632093,0.93344116,16.617823,16.032213,0.58560944,27.695332,29.763708,2.0683765,34.301003,34.66652,0.36551666,78.29131,76.078094,2.2132187,63.766186,62.466568,1.2996178
LWS7u2dM1oIlDpu0qfB0Fh8kUXtyKa2Bzu2Zy8gx69U,548c6fdbf901d64f6beaa557f7fa4077,171.5,0,99.97806,98.97096,1.0070953,92.221535,85.57441,6.6471252,100.67242,99.41199,1.2604294,51.241375,52.62611,1.3847351,38.43519,36.443836,1.9913521,24.236145,23.397694,0.8384514,47.39052,48.09916,0.70864105,24.698652,25.63953,0.9408779,16.617823,16.035885,0.5819378,27.695332,29.781116,2.085785,34.301003,34.671883,0.37088013,78.29131,76.082985,2.2083282,63.766186,62.46779,1.2983971
OG9Sg6chAt62VpE1YhaBQcIQ1Qv22fYUHRPndomcxz0,6c8f687bc242ad567f477a719b47cfe4,158.5,0,96.99478,94.85399,2.1407928,81.68174,81.85845,0.17671204,95.39737,97.36053,1.9631577,52.054237,51.452152,0.6020851,35.321182,35.350525,0.029342651,21.821445,22.250784,0.42933846,44.18928,45.69922,1.5099373,23.817537,24.348906,0.53136826,15.409554,15.34115,0.068403244,27.75608,28.317396,0.56131554,33.23581,32.880558,0.3552513,69.51543,72.4738,2.958374,59.276157,58.80281,0.4733467
OG9Sg6chAt62VpE1YhaBQcIQ1Qv22fYUHRPndomcxz0,3743c3c2d5ca9d0bc2597d08d53efc25,158.5,0,96.99478,94.85399,2.1407928,81.68174,81.85845,0.17671204,95.39737,97.37527,1.9778976,52.054237,51.452152,0.6020851,35.321182,35.35207,0.030887604,21.821445,22.247108,0.425663,44.18928,45.692932,1.5036507,23.817537,24.35161,0.5340729,15.409554,15.34115,0.068403244,27.75608,28.319386,0.5633049,33.23581,32.880558,0.3552513,69.51543,72.46891,2.9534836,59.276157,58.797928,0.47822952
6E-ijOCvyEWroi8EYl2I51eU-NBOYt0LlieQHYeasx8,01ec2085a12d883610f6bddf662d43aa,173.5,1,106.15563,102.58244,3.5731888,91.565,89.3239,2.2411041,99.7251,101.10107,1.3759689,52.339058,53.691803,1.352745,37.525803,37.474323,0.05147934,23.647785,24.457756,0.80997086,50.100586,50.225147,0.12456131,27.016579,26.804913,0.2116661,17.72727,16.700865,1.0264053,31.195051,31.007597,0.18745422,37.515175,36.362984,1.1521912,80.59368,79.19701,1.3966751,66.73227,65.79997,0.93229675
y32dEeA-iZr8Pt91kD30sOJRmugAdCm-jzF6aHYt_oE,f5af66df9bc6fdcee20f66d39fcca153,165.0,0,92.77003,96.51764,3.747612,79.57495,83.27156,3.6966095,100.85231,98.12706,2.7252502,55.24804,51.899883,3.348156,37.423477,35.77888,1.6445961,22.256998,22.702011,0.44501305,45.854588,46.65668,0.8020935,24.987621,24.84244,0.14518166,15.653742,15.602594,0.05114746,29.455482,28.905272,0.55021095,33.244236,33.57644,0.3322029,74.72521,73.901825,0.82338715,60.063587,60.24389,0.18030167
y32dEeA-iZr8Pt91kD30sOJRmugAdCm-jzF6aHYt_oE,34d8545b149dddf6d613201d89e86560,165.0,0,92.77003,96.54855,3.7785263,79.57495,83.27811,3.7031555,100.85231,98.12952,2.7227936,55.24804,51.906544,3.3414955,37.423477,35.78352,1.6399574,22.256998,22.706608,0.44960976,45.854588,46.667686,0.8130989,24.987621,24.846497,0.14112473,15.653742,15.605532,0.048210144,29.455482,28.912235,0.5432472,33.244236,33.585823,0.34158707,74.72521,73.911606,0.81360626,60.063587,60.260986,0.19739914
y32dEeA-iZr8Pt91kD30sOJRmugAdCm-jzF6aHYt_oE,0b76b03034f0774b7d6569395164f124,165.0,0,92.77003,96.55979,3.7897644,79.57495,83.284645,3.709694,100.85231,98.13689,2.7154236,55.24804,51.913208,3.3348312,37.423477,35.78816,1.6353188,22.256998,22.711203,0.45420456,45.854588,46.6724,0.8178139,24.987621,24.85596,0.13166046,15.653742,15.608469,0.045272827,29.455482,28.916214,0.5392685,33.244236,33.59521,0.35097504,74.72521,73.93117,0.7940445,60.063587,60.280525,0.21693802
y32dEeA-iZr8Pt91kD30sOJRmugAdCm-jzF6aHYt_oE,3b23cd655bd47090619c2211ca11966a,165.0,0,92.77003,96.55979,3.7897644,79.57495,83.29119,3.71624,100.85231,98.13689,2.7154236,55.24804,51.913208,3.3348312,37.423477,35.789703,1.6337738,22.256998,22.710283,0.45328522,45.854588,46.673973,0.8193855,24.987621,24.857313,0.13030815,15.653742,15.608469,0.045272827,29.455482,28.917208,0.53827477,33.244236,33.59521,0.35097504,74.72521,73.93117,0.7940445,60.063587,60.280525,0.21693802
y32dEeA-iZr8Pt91kD30sOJRmugAdCm-jzF6aHYt_oE,4a7a5d2dbd250b7b715c18ca4952c09e,165.0,0,92.77003,96.556984,3.7869568,79.57495,83.284645,3.709694,100.85231,98.13443,2.7178802,55.24804,51.90921,3.338829,37.423477,35.78816,1.6353188,22.256998,22.709364,0.45236588,45.854588,46.67083,0.8162422,24.987621,24.854609,0.13301277,15.653742,15.607735,0.046007156,29.455482,28.914225,0.54125786,33.244236,33.59253,0.3482933,74.72521,73.92383,0.801384,60.063587,60.273197,0.20960999
y32dEeA-iZr8Pt91kD30sOJRmugAdCm-jzF6aHYt_oE,ccbb4daf6961eeb7234809cf843a6f17,165.0,0,92.77003,96.556984,3.7869568,79.57495,83.284645,3.709694,100.85231,98.13443,2.7178802,55.24804,51.90921,3.338829,37.423477,35.78816,1.6353188,22.256998,22.709364,0.45236588,45.854588,46.67083,0.8162422,24.987621,24.854609,0.13301277,15.653742,15.607735,0.046007156,29.455482,28.914225,0.54125786,33.244236,33.59253,0.3482933,74.72521,73.92383,0.801384,60.063587,60.273197,0.20960999
y32dEeA-iZr8Pt91kD30sOJRmugAdCm-jzF6aHYt_oE,3cb7663efe8d41c8338a2441bfd277d1,165.0,0,92.77003,96.54012,3.7700958,79.57495,83.27156,3.6966095,100.85231,98.1246,2.727707,55.24804,51.906544,3.3414955,37.423477,35.78352,1.6399574,22.256998,22.705688,0.4486904,45.854588,46.66297,0.80838394,24.987621,24.850552,0.1370697,15.653742,15.607,0.046741486,29.455482,28.91124,0.54424286,33.244236,33.584484,0.3402481,74.72521,73.91405,0.81116486,60.063587,60.260986,0.19739914
y32dEeA-iZr8Pt91kD30sOJRmugAdCm-jzF6aHYt_oE,3fda715a1d3c019a0b52b545de9e625f,165.0,0,92.77003,96.556984,3.7869568,79.57495,83.27156,3.6966095,100.85231,98.1418,2.7105103,55.24804,51.913208,3.3348312,37.423477,35.78816,1.6353188,22.256998,22.707525,0.4505272,45.854588,46.664543,0.8099556,24.987621,24.850552,0.1370697,15.653742,15.606266,0.047475815,29.455482,28.915218,0.5402641,33.244236,33.587166,0.34292984,74.72521,73.911606,0.81360626,60.063587,60.260986,0.19739914
y32dEeA-iZr8Pt91kD30sOJRmugAdCm-jzF6aHYt_oE,b4bb44e79b55804833cbc8d8816e10ba,165.0,0,92.77003,96.55979,3.7897644,79.57495,83.284645,3.709694,100.85231,98.13689,2.7154236,55.24804,51.90921,3.338829,37.423477,35.78816,1.6353188,22.256998,22.709364,0.45236588,45.854588,46.67083,0.8162422,24.987621,24.85596,0.13166046,15.653742,15.609203,0.044538498,29.455482,28.917208,0.53827477,33.244236,33.59253,0.3482933,74.72521,73.92628,0.79893494,60.063587,60.275642,0.2120552
y32dEeA-iZr8Pt91kD30sOJRmugAdCm-jzF6aHYt_oE,42a5cf8a323ae4e4dde5b3290844bbde,165.0,0,92.77003,96.56261,3.7925797,79.57495,83.284645,3.709694,100.85231,98.13934,2.712967,55.24804,51.90788,3.3401604,37.423477,35.786613,1.6368637,22.256998,22.710283,0.45328522,45.854588,46.673973,0.8193855,24.987621,24.85596,0.13166046,15.653742,15.609938,0.04380417,29.455482,28.916214,0.5392685,33.244236,33.59253,0.3482933,74.72521,73.92872,0.79649353,60.063587,60.280525,0.21693802
QvvspmnbMFsvetheLFMmqbxPuYhuz7z2HpKC_jXBj0o,d479a71b81d6811181a1d89e8b5fbeb3,170.0,1,105.46582,101.00837,4.457451,86.88609,87.67609,0.7899933,97.664955,100.19326,2.528305,52.169445,53.20043,1.0309868,35.06798,37.01736,1.949379,23.510954,23.997797,0.4868431,49.53383,49.272602,0.26122665,28.840797,26.279434,2.5613632,17.224014,16.402346,0.8216686,33.18497,30.468338,2.7166328,38.56576,35.631233,2.9345284,78.44487,77.79191,0.65296173,64.20881,64.33325,0.124443054
Xpl_TrpKfelndMt69vi8OE1UHBWiE8uzV6Y8IJPuUs0,5de66d7fe4a2713747561de68453c9f4,179.0,1,89.920586,104.77265,14.852066,77.114845,91.697075,14.58223,92.0729,102.41793,10.345032,47.01769,54.461838,7.444149,33.120132,38.1445,5.0243683,24.297483,25.147923,0.8504391,52.99612,51.580765,1.4153557,24.026108,27.577158,3.5510502,15.635563,17.134167,1.4986038,24.562654,31.754128,7.191473,36.06517,37.41921,1.3540382,80.29681,81.28647,0.9896622,69.063995,67.96952,1.0944748
Xpl_TrpKfelndMt69vi8OE1UHBWiE8uzV6Y8IJPuUs0,aabf3974dda956b9c331531c8c1c99bc,179.0,1,89.920586,104.757195,14.836609,77.114845,91.67663,14.561783,92.0729,102.40166,10.328758,47.01769,54.443848,7.426159,33.120132,38.138702,5.01857,24.297483,25.14149,0.8440075,52.99612,51.572906,1.423214,24.026108,27.56634,3.5402317,15.635563,17.130129,1.494566,24.562654,31.745174,7.18252,36.06517,37.409824,1.3446541,80.29681,81.269356,0.97254944,69.063995,67.94998,1.1140137
UD4C_0aOFgXZOQev3RxDO_cdPtRCnlmUxIA5YFM78Pc,9c2f456a45ea5adf6e3b847b57f60565,176.0,1,103.773865,103.642944,0.13092041,93.69527,90.46142,3.2338486,102.439865,101.72633,0.7135315,53.477562,54.076485,0.5989227,36.241425,37.80313,1.5617065,22.859762,24.79319,1.9334278,52.163788,50.88429,1.279499,27.738379,27.182669,0.55570984,17.14063,16.910728,0.22990227,30.666256,31.374147,0.70789146,37.879642,36.880203,0.99943924,81.81949,80.230125,1.5893631,67.61504,66.86185,0.7531967
UD4C_0aOFgXZOQev3RxDO_cdPtRCnlmUxIA5YFM78Pc,2059d958c09c5c99b4691b7e8d8d2df3,176.0,1,103.773865,103.62187,0.1519928,93.69527,90.43648,3.258789,102.439865,101.710365,0.7294998,53.477562,54.065495,0.5879326,36.241425,37.7954,1.5539742,22.859762,24.788595,1.928833,52.163788,50.872498,1.2912903,27.738379,27.17185,0.5665283,17.14063,16.905588,0.23504257,30.666256,31.369175,0.702919,37.879642,36.868134,1.011509,81.81949,80.21056,1.6089249,67.61504,66.84231,0.7727356
UD4C_0aOFgXZOQev3RxDO_cdPtRCnlmUxIA5YFM78Pc,e464de3c1519312bc125f745b99df7ec,176.0,1,103.773865,103.61063,0.16323853,93.69527,90.41317,3.2820969,102.439865,101.70238,0.7374878,53.477562,54.066826,0.5892639,36.241425,37.792885,1.5514603,22.859762,24.786297,1.9265347,52.163788,50.86778,1.2960091,27.738379,27.167795,0.57058334,17.14063,16.903568,0.23706245,30.666256,31.361713,0.69545746,37.879642,36.864113,1.0155296,81.81949,80.204445,1.6150436,67.61504,66.83376,0.7812805
UD4C_0aOFgXZOQev3RxDO_cdPtRCnlmUxIA5YFM78Pc,6a7ea48a41281e0903799f039d60c7b7,176.0,1,103.773865,103.606415,0.16744995,93.69527,90.432594,3.2626724,102.439865,101.70729,0.73257446,53.477562,54.0575,0.579937,36.241425,37.78921,1.5477867,22.859762,24.786297,1.9265347,52.163788,50.86542,1.2983665,27.738379,27.167118,0.57126045,17.14063,16.901548,0.23908234,30.666256,31.362211,0.6959553,37.879642,36.86277,1.0168724,81.81949,80.19833,1.6211548,67.61504,66.82765,0.78739166
UD4C_0aOFgXZOQev3RxDO_cdPtRCnlmUxIA5YFM78Pc,f40edeed532cdd20ed35d4d61ca76aa8,176.0,1,103.773865,103.62047,0.1533966,93.69527,90.44752,3.2477493,102.439865,101.72019,0.71967316,53.477562,54.07024,0.59267807,36.241425,37.795204,1.5537796,22.859762,24.790892,1.9311295,52.163788,50.87407,1.2897186,27.738379,27.180979,0.55739975,17.14063,16.907057,0.23357391,30.666256,31.37166,0.7054043,37.879642,36.873497,1.0061455,81.81949,80.220345,1.599144,67.61504,66.85208,0.76296234
0nUGCGJVMuW97nuWEcXti8w-lDDCvyrOgT7RzfE_C1I,fcfc737101318c47a3ef9261c96bee92,169.75,0,101.45004,98.265594,3.1844482,83.801414,84.89403,1.0926132,106.48951,99.01643,7.473076,56.129913,52.420902,3.709011,36.242336,36.25131,0.008972168,23.03184,23.200108,0.1682682,48.673313,47.68332,0.98999405,24.265408,25.415073,1.1496658,15.470463,15.90957,0.43910694,28.26396,29.530945,1.2669849,32.736454,34.35545,1.6189957,79.05759,75.46922,3.5883636,61.787712,61.843727,0.056015015
0nUGCGJVMuW97nuWEcXti8w-lDDCvyrOgT7RzfE_C1I,697ec8711526c25cf834011efcfcd255,169.75,0,101.45004,98.25997,3.190071,83.801414,84.88748,1.0860672,106.48951,99.00661,7.4829025,56.129913,52.411575,3.718338,36.242336,36.248215,0.0058784485,23.03184,23.19827,0.16643143,48.673313,47.681747,0.9915657,24.265408,25.406284,1.1408768,15.470463,15.905898,0.4354353,28.26396,29.525972,1.2620125,32.736454,34.35143,1.614975,79.05759,75.457,3.600586,61.787712,61.831516,0.04380417
0nUGCGJVMuW97nuWEcXti8w-lDDCvyrOgT7RzfE_C1I,394298c9615b13e4000a0ce108dd8ac0,169.75,0,101.45004,98.245926,3.2041168,83.801414,84.864586,1.0631714,106.48951,99.00169,7.487816,56.129913,52.412907,3.7170067,36.242336,36.245895,0.0035591125,23.03184,23.195513,0.1636734,48.673313,47.672314,1.0009995,24.265408,25.404257,1.1388493,15.470463,15.905898,0.4354353,28.26396,29.518015,1.254055,32.736454,34.344727,1.6082726,79.05759,75.44477,3.6128159,61.787712,61.82419,0.036476135
0nUGCGJVMuW97nuWEcXti8w-lDDCvyrOgT7RzfE_C1I,960c8fa02047bf6aab4c8d5653a16774,169.75,0,101.45004,98.2684,3.1816406,83.801414,84.880936,1.0795212,106.48951,99.00906,7.480446,56.129913,52.418236,3.7116776,36.242336,36.250534,0.008197784,23.03184,23.19919,0.16735077,48.673313,47.680172,0.9931412,24.265408,25.409666,1.1442585,15.470463,15.908101,0.43763828,28.26396,29.524977,1.2610168,32.736454,34.35143,1.614975,79.05759,75.45944,3.5981445,61.787712,61.833958,0.046245575
4bpNJgeZd3-fSRjAsrW6eRInYZ6LOOeVVGC0dfWjwNg,d4170e677ee74f499fcc03c251163998,169.0,0,91.842094,97.96209,6.119995,72.39542,84.59309,12.19767,88.435936,98.84937,10.413437,47.094666,52.32096,5.2262955,31.635305,36.16548,4.530176,22.060928,23.110046,1.049118,49.733807,47.49937,2.234436,22.201372,25.306902,3.1055298,14.6169815,15.852287,1.2353058,23.319073,29.41357,6.0944977,32.9345,34.211983,1.2774811,77.90208,75.178246,2.7238312,60.731884,61.548183,0.81629944
4bpNJgeZd3-fSRjAsrW6eRInYZ6LOOeVVGC0dfWjwNg,c905a95606e851b3fcf5891f8759be62,169.0,0,91.842094,97.96771,6.125618,72.39542,84.60617,12.210754,88.435936,98.85429,10.41835,47.094666,52.328957,5.234291,31.635305,36.16703,4.531725,22.060928,23.113722,1.0527935,49.733807,47.507233,2.226574,22.201372,25.312311,3.110939,14.6169815,15.85449,1.2375088,23.319073,29.424511,6.105438,32.9345,34.22137,1.286869,77.90208,75.19536,2.7067184,60.731884,61.56284,0.8309555
dPRinhZqztN_Hf264QHnP_0Wg121yQ90oKTvePLyM8o,bc0346f8906bb928f90296e0eb6712c1,163.3,0,94.05387,96.045525,1.9916534,83.083664,82.839775,0.24388885,101.20038,97.89612,3.3042603,55.31994,51.77196,3.5479774,35.64081,35.65671,0.015903473,22.326582,22.56692,0.24033737,46.288967,46.365826,0.07685852,23.021296,24.701817,1.680521,15.288605,15.524749,0.23614407,28.583807,28.73816,0.15435219,34.00556,33.372635,0.63292694,75.108,73.4788,1.6292038,59.53854,59.818893,0.28035355
dPRinhZqztN_Hf264QHnP_0Wg121yQ90oKTvePLyM8o,d68cd20dd3d82f0f3ad985d99e57dc77,163.3,0,94.05387,96.0399,1.9860306,83.083664,82.839775,0.24388885,101.20038,97.89612,3.3042603,55.31994,51.767963,3.5519753,35.64081,35.65362,0.012813568,22.326582,22.566,0.23941803,46.288967,46.365826,0.07685852,23.021296,24.699112,1.6778164,15.288605,15.523279,0.23467445,28.583807,28.73617,0.15236282,34.00556,33.368614,0.63694763,75.108,73.47146,1.6365433,59.53854,59.814007,0.27546692
dPRinhZqztN_Hf264QHnP_0Wg121yQ90oKTvePLyM8o,54039ec5fa07314d7c838bfdd45741b2,163.3,0,94.05387,96.0399,1.9860306,83.083664,82.82669,0.25697327,101.20038,97.89612,3.3042603,55.31994,51.769295,3.550644,35.64081,35.65362,0.012813568,22.326582,22.56508,0.23849869,46.288967,46.365826,0.07685852,23.021296,24.69776,1.6764641,15.288605,15.523279,0.23467445,28.583807,28.735176,0.1513691,34.00556,33.369953,0.6356087,75.108,73.47146,1.6365433,59.53854,59.809124,0.2705841
tHlUh9CpvOLylJ9a7HQxa6tAoaZSpk3JaUOB9RRfHCY,d716d7001b71aa76fd472048d9dd0b55,178.0,1,104.61848,104.40311,0.21537018,90.67873,91.289825,0.61109924,100.85363,102.190674,1.3370438,53.117344,54.33075,1.2134056,35.120613,38.031998,2.9113846,24.480848,25.02983,0.5489826,52.643085,51.351227,1.2918587,28.742254,27.445322,1.2969322,17.393856,17.060177,0.3336792,34.196507,31.631779,2.5647278,37.7882,37.24222,0.54597855,84.86637,80.93436,3.9320145,67.11735,67.60071,0.4833603
tHlUh9CpvOLylJ9a7HQxa6tAoaZSpk3JaUOB9RRfHCY,a33db83a8bdec0ef0bc3812d9c3852f6,178.0,1,104.61848,104.39609,0.22238922,90.67873,91.28328,0.6045532,100.85363,102.18822,1.3345871,53.117344,54.328167,1.210823,35.120613,38.030453,2.9098396,24.480848,25.027534,0.5466862,52.643085,51.34651,1.2965736,28.742254,27.443295,1.2989597,17.393856,17.057608,0.3362484,34.196507,31.628794,2.5677128,37.7882,37.23954,0.5486603,84.86637,80.92702,3.939354,67.11735,67.593376,0.47602844
tHlUh9CpvOLylJ9a7HQxa6tAoaZSpk3JaUOB9RRfHCY,d0fe2154a911ffc9721c04d7a78bf4b1,178.0,1,104.61848,104.41295,0.20552826,90.67873,91.28901,0.6102829,100.85363,102.19375,1.3401184,53.117344,54.329834,1.2124901,35.120613,38.032772,2.912159,24.480848,25.028913,0.5480652,52.643085,51.3528,1.290287,28.742254,27.445322,1.2969322,17.393856,17.060911,0.33294487,34.196507,31.633768,2.5627384,37.7882,37.24222,0.54597855,84.86637,80.9368,3.929573,67.11735,67.59827,0.48091888
tHlUh9CpvOLylJ9a7HQxa6tAoaZSpk3JaUOB9RRfHCY,b75fc68f9293cca8575968ce0dcec508,178.0,1,104.61848,104.398895,0.2195816,90.67873,91.29473,0.61600494,100.85363,102.189445,1.3358154,53.117344,54.336494,1.2191505,35.120613,38.031998,2.9113846,24.480848,25.03213,0.551281,52.643085,51.3528,1.290287,28.742254,27.450731,1.291523,17.393856,17.060362,0.3334942,34.196507,31.630783,2.5657234,37.7882,37.246243,0.54195786,84.86637,80.94169,3.9246826,67.11735,67.60803,0.4906845
tHlUh9CpvOLylJ9a7HQxa6tAoaZSpk3JaUOB9RRfHCY,c4870f9f61df4ad48a84acc7c659a6ef,178.0,1,104.61848,104.428406,0.1900711,90.67873,91.31844,0.6397171,100.85363,102.2048,1.3511734,53.117344,54.34857,1.2312279,35.120613,38.04128,2.9206657,24.480848,25.038103,0.5572548,52.643085,51.366947,1.2761383,28.742254,27.45952,1.2827339,17.393856,17.06532,0.328537,34.196507,31.64073,2.5557766,37.7882,37.25563,0.5325699,84.86637,80.96614,3.9002304,67.11735,67.63001,0.5126648
1hW_MCqKCiuyI_RdcwYn7k0pFVsCyG5epVA4Lv-4jGU,78651995ea33c9f8b0f184355e640e61,161.0,0,89.191536,95.42165,6.230118,80.69123,82.30986,1.6186295,96.81277,97.60621,0.7934418,52.783516,51.601395,1.1821213,37.169235,35.495888,1.6733475,22.586086,22.397823,0.18826294,46.094486,46.010513,0.08397293,23.316378,24.513868,1.1974907,15.435639,15.425606,0.0100336075,27.43793,28.51833,1.0804005,31.261755,33.109837,1.8480816,75.99026,72.94328,3.0469742,57.734055,59.276657,1.5426025
59bc2766681516389ccf459f,a33b50b7dbe21930851bd0cc2e54f7da,174.5,1,99.413376,102.998,3.5846252,84.12324,89.77715,5.6539154,95.59652,101.33692,5.740402,54.613956,53.8617,0.7522583,36.657463,37.60809,0.9506264,24.553885,24.60089,0.0470047,52.59081,50.48967,2.101139,29.62364,26.964973,2.6586666,18.168478,16.784552,1.3839264,31.806479,31.155807,0.650671,36.5716,36.57517,0.003566742,84.07138,79.63715,4.434227,63.63508,66.24512,2.6100388
59bc2766681516389ccf459f,567a4f29c667824c05d7c81fcd608608,174.5,1,99.413376,102.982544,3.569168,84.12324,89.74097,5.617729,95.59652,101.32832,5.731804,54.613956,53.859035,0.75492096,36.657463,37.60422,0.9467583,24.553885,24.595606,0.041721344,52.59081,50.478664,2.1121445,29.62364,26.955507,2.6681328,18.168478,16.780558,1.3879204,31.806479,31.147354,0.6591244,36.5716,36.56511,0.0064926147,84.07138,79.62003,4.4513474,63.63508,66.2268,2.5917206
59bc2766681516389ccf459f,ac1ca31f53f7aa61cda5c2b6573f5f13,174.5,1,99.413376,102.97341,3.5600357,84.12324,89.76795,5.6447144,95.59652,101.32218,5.725662,54.613956,53.851704,0.7622528,36.657463,37.600937,0.9434738,24.553885,24.598133,0.04424858,52.59081,50.484165,2.1066437,29.62364,26.957874,2.6657658,18.168478,16.780972,1.3875065,31.806479,31.14785,0.65862846,36.5716,36.56779,0.0038108826,84.07138,79.62737,4.444008,63.63508,66.23657,2.6014938
tr0fHdMMfA31TbERAMt8AbVSEaqUoip0rGkh7_UZp8o,f65d27eb373ee3a31dc99ee878c5deb1,171.6,1,102.222496,101.70495,0.5175476,99.57282,88.40717,11.165649,98.714325,100.57653,1.8622055,48.80337,53.4223,4.618927,36.76209,37.221195,0.45910645,24.970589,24.210144,0.76044464,48.47873,49.705147,1.2264175,26.551647,26.512806,0.038841248,18.158136,16.535088,1.6230488,29.30179,30.709183,1.4073925,36.784523,35.9594,0.82512283,77.458435,78.441345,0.98291016,66.70172,65.0044,1.697319
tr0fHdMMfA31TbERAMt8AbVSEaqUoip0rGkh7_UZp8o,0e53e1127aa272cb76800a0aace1918a,171.6,1,102.222496,101.67263,0.5498657,99.57282,88.39409,11.178734,98.714325,100.59373,1.8794022,48.80337,53.415634,4.6122627,36.76209,37.212883,0.45079422,24.970589,24.199259,0.7713299,48.47873,49.686035,1.2073059,26.551647,26.50596,0.04568672,18.158136,16.529396,1.6287403,29.30179,30.70048,1.3986893,36.784523,35.95018,0.83434296,77.458435,78.40799,0.94955444,66.70172,64.971695,1.7300262
tr0fHdMMfA31TbERAMt8AbVSEaqUoip0rGkh7_UZp8o,bdb658d5f0719cb5af9f6f71e4ef79b7,171.6,1,102.222496,101.724625,0.4978714,99.57282,88.4268,11.146019,98.714325,100.594955,1.8806305,48.80337,53.430958,4.6275864,36.76209,37.225838,0.46374893,24.970589,24.214323,0.75626564,48.47873,49.71183,1.2331009,26.551647,26.52227,0.029376984,18.158136,16.538485,1.6196518,29.30179,30.716766,1.4149761,36.784523,35.96753,0.8169937,77.458435,78.454796,0.9963608,66.70172,65.019554,1.682167
tr0fHdMMfA31TbERAMt8AbVSEaqUoip0rGkh7_UZp8o,e549112abfe016a61598efbde5ec022b,171.6,1,102.222496,101.72251,0.49998474,99.57282,88.43008,11.142746,98.714325,100.61952,1.9051971,48.80337,53.432957,4.6295853,36.76209,37.223324,0.46123505,24.970589,24.209846,0.7607422,48.47873,49.70436,1.2256317,26.551647,26.527258,0.024389267,18.158136,16.540413,1.6177235,29.30179,30.719627,1.4178371,36.784523,35.968365,0.8161583,77.458435,78.44669,0.98825836,66.70172,65.012375,1.6893463
tr0fHdMMfA31TbERAMt8AbVSEaqUoip0rGkh7_UZp8o,0c20fb636bc2d5e8933cb6e72046bd9c,171.6,1,102.222496,101.74131,0.4811859,99.57282,88.436615,11.136208,98.714325,100.61829,1.9039688,48.80337,53.436954,4.633583,36.76209,37.23144,0.46935272,24.970589,24.213882,0.75670624,48.47873,49.71635,1.2376213,26.551647,26.5273,0.024347305,18.158136,16.540136,1.618,29.30179,30.724352,1.4225616,36.784523,35.97507,0.80945206,77.458435,78.46519,1.006752,66.70172,65.022644,1.6790771
tr0fHdMMfA31TbERAMt8AbVSEaqUoip0rGkh7_UZp8o,72963fc67ed8e3c111d250f06d9c960e,171.6,1,102.222496,101.73094,0.49155426,99.57282,88.42516,11.147659,98.714325,100.61215,1.8978271,48.80337,53.432293,4.6289215,36.76209,37.229412,0.4673233,24.970589,24.21009,0.76049805,48.47873,49.71065,1.2319221,26.551647,26.520538,0.031108856,18.158136,16.537382,1.6207542,29.30179,30.720621,1.4188309,36.784523,35.96937,0.8151512,77.458435,78.45205,0.9936142,66.70172,65.00604,1.6956787
tr0fHdMMfA31TbERAMt8AbVSEaqUoip0rGkh7_UZp8o,bb48fa76e7fd489068002dd4b0264951,171.6,1,102.222496,101.69301,0.5294876,99.57282,88.382645,11.190178,98.714325,100.55565,1.8413239,48.80337,53.40431,4.600937,36.76209,37.2153,0.45321274,24.970589,24.203173,0.767416,48.47873,49.696796,1.2180672,26.551647,26.500256,0.0513916,18.158136,16.529396,1.6287403,29.30179,30.698862,1.3970718,36.784523,35.950264,0.83425903,77.458435,78.42178,0.9633484,66.70172,64.97627,1.7254486
tr0fHdMMfA31TbERAMt8AbVSEaqUoip0rGkh7_UZp8o,400cf88d039f01be8616da8d54884db0,171.6,1,102.222496,101.703545,0.5189514,99.57282,88.40717,11.165649,98.714325,100.57653,1.8622055,48.80337,53.420963,4.617592,36.76209,37.221874,0.45978546,24.970589,24.208769,0.76181984,48.47873,49.704754,1.2260246,26.551647,26.511835,0.039812088,18.158136,16.532885,1.6252518,29.30179,30.70794,1.4061489,36.784523,35.959568,0.824955,77.458435,78.44188,0.9834442,66.70172,65.00143,1.7002945
1WwQ2-G5PJORq2Kz-d4p3pBAoPf8qHuIw2GtsE25bEQ,63b8ee48740ec255924c278cdf19ea3c,178.4,1,93.49794,104.52676,11.028816,71.64649,91.43866,19.792168,89.90689,102.255165,12.348274,51.217003,54.37422,3.157219,36.305656,38.069885,1.7642288,26.062803,25.074863,0.98793983,53.638744,51.436123,2.2026215,27.73452,27.49062,0.2439003,17.241644,17.085697,0.15594673,27.61871,31.670572,4.0518627,35.984932,37.30524,1.3203087,86.65925,81.06151,5.59774,64.8056,67.73749,2.9318848
V4GbYnb5S_zYEiyQG08Buh_3gBaQq7uLKEV-FiGV0TA,8e1163ef3f0be8f438a91de7c0dbd30a,169.5,1,101.76916,100.78004,0.9891205,87.463776,87.44057,0.023208618,98.26121,100.06305,1.8018417,51.007576,53.111153,2.1035767,37.610012,36.947193,0.6628189,24.621902,23.926575,0.69532776,47.958908,49.136017,1.1771088,28.632627,26.191544,2.441084,16.765469,16.356998,0.40847015,32.0521,30.38988,1.6622219,35.76721,35.519947,0.24726105,74.07895,77.576416,3.497467,66.749176,64.10487,2.6443024
V4GbYnb5S_zYEiyQG08Buh_3gBaQq7uLKEV-FiGV0TA,be28e4b4d1ba45bc8f33101551ecdbc6,169.5,1,101.76916,100.791985,0.97717285,87.463776,87.45038,0.013397217,98.26121,100.07533,1.8141251,51.007576,53.126476,2.1189003,37.610012,36.952217,0.65779495,24.621902,23.930252,0.6916504,47.958908,49.140343,1.1814346,28.632627,26.201685,2.4309425,16.765469,16.359568,0.40590096,32.0521,30.393984,1.6581173,35.76721,35.527824,0.2393837,74.07895,77.58926,3.5103073,66.749176,64.12075,2.6284256
V4GbYnb5S_zYEiyQG08Buh_3gBaQq7uLKEV-FiGV0TA,f134d359b816b282d5f7a0bd6946023b,169.5,1,101.76916,100.80112,0.96804047,87.463776,87.45529,0.008483887,98.26121,100.08516,1.8239517,51.007576,53.12581,2.1182327,37.610012,36.95183,0.65818024,24.621902,23.9314,0.69050217,47.958908,49.142307,1.1833992,28.632627,26.205067,2.4275608,16.765469,16.361036,0.4044323,32.0521,30.394978,1.6571236,35.76721,35.52933,0.23787689,74.07895,77.59354,3.5145874,66.749176,64.12502,2.6241531
V4GbYnb5S_zYEiyQG08Buh_3gBaQq7uLKEV-FiGV0TA,154c508e37c6876973f8f3608186d67b,169.5,1,101.76916,100.80533,0.96382904,87.463776,87.466736,0.002960205,98.26121,100.09007,1.828865,51.007576,53.132473,2.124897,37.610012,36.95415,0.6558609,24.621902,23.933928,0.68797493,47.958908,49.145058,1.1861496,28.632627,26.209799,2.4228287,16.765469,16.362873,0.40259552,32.0521,30.397713,1.6543884,35.76721,35.534027,0.233181,74.07895,77.6021,3.5231476,66.749176,64.133575,2.6156006
hT25vKHsmc84oqfyJtFsrtgKxEg0TuJTiaOOu6-mtGw,6e54f04de8e5e535e8e8b5739fe3afc8,176.5,1,103.93384,103.7947,0.13913727,85.4988,90.62907,5.1302643,99.326355,101.81785,2.4914932,53.231613,54.118378,0.8867645,38.502754,37.846817,0.6559372,24.214905,24.843735,0.62882996,53.35939,50.98019,2.3792,29.478943,27.234726,2.244217,16.955515,16.940472,0.015043259,33.357525,31.422888,1.9346371,38.338825,36.951935,1.3868904,81.25877,80.3695,0.8892746,67.03989,67.01206,0.027824402
hT25vKHsmc84oqfyJtFsrtgKxEg0TuJTiaOOu6-mtGw,0a0b4bf37aea2ee106a9e313c4cbc510,176.5,1,103.93384,103.80594,0.12789917,85.4988,90.641335,5.1425323,99.326355,101.82461,2.4982529,53.231613,54.12396,0.8923454,38.502754,37.85068,0.6520729,24.214905,24.84695,0.63204575,53.35939,50.98648,2.3729095,29.478943,27.239458,2.2394848,16.955515,16.942492,0.013023376,33.357525,31.427862,1.9296627,38.338825,36.956627,1.3821983,81.25877,80.38051,0.8782654,67.03989,67.02428,0.015609741
3lCM3aLY_S5D8So-cmKS_wxvg4LEd3ByaVj7RwtJXPk,5cb5dba6f0994e5dd3437bc7054e3e7e,169.8,0,86.52153,98.24873,11.727203,76.0605,84.864586,8.804085,90.04362,98.97467,8.931053,44.729485,52.40891,7.6794243,36.322353,36.254402,0.0679512,23.601063,23.193676,0.40738678,49.992,47.672314,2.319687,22.701132,25.39344,2.6923084,16.00576,15.901491,0.10426903,22.936558,29.512047,6.575489,30.141891,34.340702,4.1988106,79.01244,75.4301,3.582344,59.85133,61.80465,1.9533195
XChq7P1lqOo--lFR5_wmw1iL9KE3a4-ARks2xlDKFD4,39b58057ed7d7bbea6ef5c515d7dde58,163.0,0,79.41501,95.9556,16.540588,68.52063,82.75473,14.2341,87.432175,97.842064,10.409889,46.6185,51.727985,5.1094856,34.16637,35.625786,1.4594154,21.928543,22.538431,0.6098881,47.97148,46.321804,1.6496773,21.3847,24.662603,3.2779026,14.443635,15.507857,1.0642223,24.177813,28.696383,4.51857,29.649557,33.32839,3.678831,78.82479,73.38832,5.43647,56.650005,59.72119,3.071186
G20SP-1En7Quun7441TOxc9maw-RyyniTksdrwPvJg8,2b5d17613377a5c37b8af0b9300182f5,173.0,1,104.59478,102.32619,2.2685928,92.978226,89.05976,3.9184647,98.38151,100.94628,2.5647736,52.17396,53.63217,1.45821,37.93944,37.4034,0.53604126,24.219458,24.397562,0.1781044,49.167904,50.082474,0.91456985,27.383202,26.729023,0.6541786,17.349953,16.655115,0.69483757,29.622452,30.925531,1.3030796,36.63882,36.25438,0.38444138,80.28084,79.01545,1.2653885,65.853035,65.600296,0.25273895
G20SP-1En7Quun7441TOxc9maw-RyyniTksdrwPvJg8,dfe7ca13f262916f28d6d1bbfa4a60f5,173.0,1,104.59478,102.30458,2.2901993,92.978226,89.02214,3.9560852,98.38151,100.92663,2.5451202,52.17396,53.627174,1.4532127,37.93944,37.40153,0.53791046,24.219458,24.392048,0.17259026,49.167904,50.069504,0.9015999,27.383202,26.718037,0.66516495,17.349953,16.64869,0.7012634,29.622452,30.915089,1.2926369,36.63882,36.24499,0.39382935,80.28084,78.99161,1.2892303,65.853035,65.573425,0.27960968
5EGWEEK1LY65tkKLQ7EYnBzkxSvRVvGKkbbH5xXhHSQ,0fce9db8b9bfefb783bf99ad317ab4a6,149.5,0,93.382256,93.55005,0.16779327,82.87203,80.96871,1.9033203,97.88566,96.87898,1.0066757,52.107567,51.16166,0.9459076,35.06235,35.03815,0.02420044,20.88651,21.938326,1.051815,41.59314,45.00117,3.4080315,22.379103,24.025742,1.6466389,13.968351,15.1773815,1.2090302,28.10101,27.871765,0.22924423,30.723175,32.38982,1.666645,66.36465,71.485916,5.121269,56.76301,57.811157,1.0481491
KuaO0HukXURPXHNjwVlRBX54vTgGoJCgIlE6pJFBjuU,54b0722f090a4729c9a5067701580c9f,162.0,0,102.048195,95.674576,6.373619,79.57679,82.51921,2.942421,98.670685,97.71922,0.9514618,53.631268,51.665356,1.9659119,35.470074,35.5562,0.08612442,21.237896,22.46583,1.2279339,47.300766,46.1583,1.1424675,24.60183,24.586884,0.014945984,15.815643,15.464528,0.35111523,27.579868,28.602879,1.0230103,32.87489,33.217102,0.34221268,74.59945,73.15847,1.440979,59.735813,59.4916,0.2442131
v99TYhN-aL9jS37fT7K_87UxZ3DOZ9NikUOlfjWTfWc,c83b21211584b5e3f67e21c243da8f31,174.5,1,102.8807,102.971306,0.09060669,97.57769,89.747505,7.830185,100.76736,101.327095,0.55973816,52.89713,53.846706,0.94957733,36.6079,37.599003,0.9911041,23.951553,24.593538,0.64198494,51.18533,50.47788,0.70745087,26.108229,26.95348,0.8452511,15.7067,16.780834,1.0741339,30.242014,31.14586,0.90384674,36.796253,36.56243,0.23382187,82.0517,79.61514,2.436554,65.35047,66.22558,0.8751068
v99TYhN-aL9jS37fT7K_87UxZ3DOZ9NikUOlfjWTfWc,bcb682a6ec73c88446b875194f5a8acd,174.5,1,102.8807,102.98957,0.10887146,97.57769,89.77,7.8076935,100.76736,101.34061,0.5732498,52.89713,53.85737,0.9602394,36.6079,37.60461,0.99671173,23.951553,24.598593,0.6470394,51.18533,50.4881,0.6972313,26.108229,26.962606,0.85437775,15.7067,16.784826,1.078126,30.242014,31.153322,0.9113083,36.796253,36.571815,0.22443771,82.0517,79.633484,2.418213,65.35047,66.24634,0.8958664
WnKXOTsT_HOrsCimdLNQ0avrn593cJCE7N3fCWGn9H4,f0872a26407e1292dfad3b410c9940e0,161.0,0,95.61492,95.42165,0.19326782,83.18534,82.31641,0.86893463,96.62142,97.60621,0.984787,51.666954,51.594734,0.07221985,34.83098,35.49434,0.6633606,22.164276,22.396904,0.23262787,49.091232,46.013657,3.0775757,23.134027,24.509811,1.3757839,14.736675,15.425606,0.6889305,27.308128,28.51236,1.2042313,32.49233,33.109837,0.61750793,76.025314,72.93839,3.0869217,57.370266,59.271774,1.9015083
WnKXOTsT_HOrsCimdLNQ0avrn593cJCE7N3fCWGn9H4,7e02be3c7c7f29df9b32778a7855fb39,161.0,0,95.61492,95.42165,0.19326782,83.18534,82.30986,0.87548065,96.62142,97.61112,0.9897003,51.666954,51.598732,0.068222046,34.83098,35.492794,0.66181564,22.164276,22.398743,0.23446655,49.091232,46.0168,3.0744324,23.134027,24.512516,1.3784885,14.736675,15.425606,0.6889305,27.308128,28.516338,1.20821,32.49233,33.111176,0.6188469,76.025314,72.94817,3.0771408,57.370266,59.281544,1.9112778
qkz_UfSXcjp8o00AfqoYSjbNMb-eyPPlCHaTQFRoo5s,a456f8781bd1a1c7d9b922a8c9ad1081,173.35,1,93.60699,102.51359,8.906601,79.16637,89.25357,10.087204,92.753395,101.05438,8.300987,47.20158,53.686806,6.4852257,33.236423,37.460262,4.223839,23.23139,24.448795,1.2174053,51.09511,50.19056,0.90455246,24.11657,26.78818,2.6716099,15.856358,16.68869,0.8323326,25.739553,30.98969,5.2501373,36.329205,36.338177,0.008972168,77.14046,79.17622,2.0357666,66.30569,65.761505,0.5441818
qkz_UfSXcjp8o00AfqoYSjbNMb-eyPPlCHaTQFRoo5s,cf02440b89c831e1d9b66e89512f1101,173.35,1,93.60699,102.459496,8.852509,79.16637,89.19878,10.03241,92.753395,101.02122,8.267822,47.20158,53.664486,6.462906,33.236423,37.444603,4.2081795,23.23139,24.437193,1.2058029,51.09511,50.166584,0.92852783,24.11657,26.771109,2.654539,15.856358,16.680956,0.8245983,25.739553,30.968801,5.229248,36.329205,36.317062,0.012142181,77.14046,79.13893,1.9984741,66.30569,65.72608,0.5796051
qkz_UfSXcjp8o00AfqoYSjbNMb-eyPPlCHaTQFRoo5s,a37cd224727580446e8089466b74b079,173.35,1,93.60699,102.47284,8.865852,79.16637,89.211044,10.044678,92.753395,101.0335,8.280106,47.20158,53.68114,6.479561,33.236423,37.45079,4.214367,23.23139,24.441788,1.2103977,51.09511,50.171696,0.92341614,24.11657,26.77939,2.6628208,15.856358,16.683273,0.82691574,25.739553,30.97502,5.235466,36.329205,36.325104,0.0041007996,77.14046,79.15115,2.0106964,66.30569,65.74196,0.56372833
qkz_UfSXcjp8o00AfqoYSjbNMb-eyPPlCHaTQFRoo5s,2e903e1779dbecae175b41c6c63f96df,173.35,1,93.60699,102.50551,8.898521,79.16637,89.24785,10.081482,92.753395,101.04947,8.296074,47.20158,53.69913,6.497551,33.236423,37.460503,4.224079,23.23139,24.449945,1.2185555,51.09511,50.188595,0.906517,24.11657,26.793756,2.677187,15.856358,16.689299,0.83294106,25.739553,30.987204,5.24765,36.329205,36.34019,0.010986328,77.14046,79.183556,2.0430984,66.30569,65.77127,0.5344162
qkz_UfSXcjp8o00AfqoYSjbNMb-eyPPlCHaTQFRoo5s,16c8af281103bac4f4ea7d35979698b3,173.35,1,93.60699,102.48549,8.878502,79.16637,89.23721,10.070847,92.753395,101.04087,8.287476,47.20158,53.688137,6.486557,33.236423,37.4563,4.2198753,23.23139,24.446959,1.2155685,51.09511,50.180733,0.9143791,24.11657,26.789024,2.6724548,15.856358,16.687038,0.83068085,25.739553,30.982977,5.2434235,36.329205,36.33248,0.003276825,77.14046,79.169495,2.0290375,66.30569,65.760895,0.5447922
ASWDIHpxAgE8tjKibGquSeNFX7ipcfS8_dfxbSxsPJ4,30dada43a6726fc176f9808d41eae39e,169.45,0,92.1568,98.14757,5.9907684,84.99737,84.76972,0.22764587,106.05753,98.95502,7.102516,53.31201,52.38359,0.928421,35.44053,36.217285,0.7767563,22.724945,23.16335,0.43840408,49.549744,47.607853,1.9418907,25.208086,25.37451,0.1664238,16.963984,15.886804,1.0771799,30.830088,29.486183,1.3439045,31.981943,34.299137,2.317194,80.501686,75.35185,5.1498337,61.74672,61.726486,0.020233154
ASWDIHpxAgE8tjKibGquSeNFX7ipcfS8_dfxbSxsPJ4,e06c534664379344aec90b3e552b7cf0,169.45,0,92.1568,98.14475,5.987953,84.99737,84.76318,0.23418427,106.05753,98.95993,7.097603,53.31201,52.38359,0.928421,35.44053,36.21342,0.772892,22.724945,23.16243,0.43748474,49.549744,47.603138,1.9466057,25.208086,25.37248,0.16439438,16.963984,15.886804,1.0771799,30.830088,29.482204,1.3478832,31.981943,34.296455,2.3145123,80.501686,75.34207,5.1596146,61.74672,61.716717,0.030002594
7dbX_nuL2W2sH0mMPkEdNVgvOQU0WCx3MEQhXaeEdmI,ec4aac422a815b48875ee946137d313a,186.1,1,104.63006,106.895775,2.2657166,96.51268,94.06289,2.449791,106.80633,103.8343,2.9720306,55.503464,55.223877,0.2795868,38.796333,38.804432,0.008098602,25.344841,25.817413,0.47257233,53.00386,52.887253,0.116607666,27.813042,28.345852,0.5328102,17.254013,17.570763,0.31674957,29.978807,32.466343,2.4875355,36.412655,38.44225,2.0295944,88.877556,83.27201,5.605545,68.944435,70.067635,1.1231995
59bc2760681516389ccf4333,015a93aa9265f25f7033402ec8e3652a,161.5,0,82.49739,95.5453,13.047913,69.499596,82.414536,12.91494,88.54307,97.66026,9.117195,45.885895,51.622715,5.73682,33.203056,35.523724,2.3206673,21.149235,22.430908,1.2816734,46.597233,46.089123,0.50811005,21.620533,24.542263,2.92173,14.372257,15.443966,1.0717087,23.697065,28.555134,4.8580685,31.436417,33.160786,1.724369,72.45434,73.04599,0.5916519,58.853874,59.38413,0.53025436
59bc2760681516389ccf4333,2215c3b834b68767cedc1f664c146ab2,161.5,0,82.49739,95.5453,13.047913,69.499596,82.408,12.9084015,88.54307,97.67009,9.127022,45.885895,51.626713,5.740818,33.203056,35.523724,2.3206673,21.149235,22.42907,1.2798347,46.597233,46.085976,0.5112572,21.620533,24.543615,2.9230824,14.372257,15.443966,1.0717087,23.697065,28.558117,4.8610516,31.436417,33.16213,1.7257118,72.45434,73.0411,0.5867615,58.853874,59.37436,0.5204849
59bc2760681516389ccf4333,6f6a7be050995ce1eab47a2a5b71d1f2,161.5,0,82.49739,95.534065,13.0366745,69.499596,82.40145,12.901855,88.54307,97.66518,9.122108,45.885895,51.626713,5.740818,33.203056,35.522175,2.3191185,21.149235,22.42907,1.2798347,46.597233,46.082832,0.5144005,21.620533,24.542263,2.92173,14.372257,15.443231,1.0709734,23.697065,28.555134,4.8580685,31.436417,33.156765,1.7203484,72.45434,73.03621,0.58187103,58.853874,59.369473,0.5155983
59bc2760681516389ccf4333,0665da56f8dbfcb15dc2719bbbcf0687,161.5,0,82.49739,95.53969,13.042297,69.499596,82.408,12.9084015,88.54307,97.65535,9.112282,45.885895,51.62405,5.7381554,33.203056,35.523724,2.3206673,21.149235,22.429989,1.2807541,46.597233,46.085976,0.5112572,21.620533,24.542263,2.92173,14.372257,15.443231,1.0709734,23.697065,28.555134,4.8580685,31.436417,33.158104,1.7216873,72.45434,73.04599,0.5916519,58.853874,59.37436,0.5204849
59bc2760681516389ccf4333,88fecb0c0fdd05d886266b2759726c69,161.5,0,82.49739,95.55093,13.053535,69.499596,82.408,12.9084015,88.54307,97.66026,9.117195,45.885895,51.612057,5.726162,33.203056,35.52063,2.3175735,21.149235,22.425394,1.2761593,46.597233,46.089123,0.50811005,21.620533,24.535501,2.9149685,14.372257,15.443966,1.0717087,23.697065,28.552149,4.8550835,31.436417,33.159447,1.7230301,72.45434,73.03132,0.5769806,58.853874,59.359703,0.50582886
59bc2760681516389ccf4333,745118e283e93ab91c1fcbbfe12add5d,161.5,0,82.49739,95.5453,13.047913,69.499596,82.408,12.9084015,88.54307,97.66026,9.117195,45.885895,51.622715,5.73682,33.203056,35.523724,2.3206673,21.149235,22.430908,1.2816734,46.597233,46.085976,0.5112572,21.620533,24.544968,2.9244347,14.372257,15.445435,1.0731773,23.697065,28.553144,4.856079,31.436417,33.160786,1.724369,72.45434,73.04599,0.5916519,58.853874,59.379242,0.52536774
59bc2760681516389ccf4333,3baec2433bf7864d5b1a706a2d3876b0,161.5,0,82.49739,95.5453,13.047913,69.499596,82.40145,12.901855,88.54307,97.66026,9.117195,45.885895,51.63071,5.744816,33.203056,35.52527,2.3222122,21.149235,22.430908,1.2816734,46.597233,46.082832,0.5144005,21.620533,24.547672,2.9271393,14.372257,15.4447,1.072443,23.697065,28.555134,4.8580685,31.436417,33.160786,1.724369,72.45434,73.04599,0.5916519,58.853874,59.38413,0.53025436
LmpCWk6jQZlA7EPOImRlJpNT_4ON6NgbzEMhwCJa2OU,68086466c5fe60b75c9aa0f309dd9b19,167.45,1,88.32931,99.89693,11.567619,76.33671,86.52957,10.192863,94.33996,99.5766,5.236641,45.869213,52.84065,6.9714355,33.293167,36.694355,3.401188,23.062431,23.661905,0.59947395,47.58943,48.593613,1.0041809,23.643555,25.898466,2.2549114,15.48563,16.191576,0.70594597,27.521566,30.07928,2.5577145,35.576668,35.107647,0.46902084,74.324585,76.760315,2.43573,64.36681,63.265263,1.101551
LmpCWk6jQZlA7EPOImRlJpNT_4ON6NgbzEMhwCJa2OU,1899f765bcff0ae8100add965bea4d81,167.45,1,88.32931,99.908165,11.578857,76.33671,86.542656,10.205948,94.33996,99.586426,5.2464676,45.869213,52.845978,6.9767647,33.293167,36.69822,3.4050522,23.062431,23.664661,0.6022301,47.58943,48.599117,1.0096855,23.643555,25.903198,2.2596436,15.48563,16.193413,0.70778275,27.521566,30.085747,2.5641804,35.576668,35.11368,0.462986,74.324585,76.771324,2.4467392,64.36681,63.27259,1.094223
LmpCWk6jQZlA7EPOImRlJpNT_4ON6NgbzEMhwCJa2OU,a9b7509b79fbea91d13ad48f09ebc905,167.45,1,88.32931,99.899734,11.570427,76.33671,86.5263,10.18959,94.33996,99.586426,5.2464676,45.869213,52.84065,6.9714355,33.293167,36.693966,3.4007988,23.062431,23.658688,0.59625626,47.58943,48.589684,1.0002518,23.643555,25.893059,2.249504,15.48563,16.190107,0.7044773,27.521566,30.084751,2.5631847,35.576668,35.105637,0.4710312,74.324585,76.75298,2.4283981,64.36681,63.25183,1.1149826
LmpCWk6jQZlA7EPOImRlJpNT_4ON6NgbzEMhwCJa2OU,2cbefa4e5eda13d760aec2d7d1045f2c,167.45,1,88.32931,99.89552,11.5662155,76.33671,86.52957,10.192863,94.33996,99.571686,5.2317276,45.869213,52.839317,6.970104,33.293167,36.693195,3.4000282,23.062431,23.663282,0.60085106,47.58943,48.593613,1.0041809,23.643555,25.89779,2.2542362,15.48563,16.192678,0.7070484,27.521566,30.07779,2.556223,35.576668,35.107647,0.46902084,74.324585,76.759094,2.4345093,64.36681,63.265263,1.101551
LmpCWk6jQZlA7EPOImRlJpNT_4ON6NgbzEMhwCJa2OU,5f33ea41b83d6283c4f3af3b3e340c3d,167.45,1,88.32931,99.91098,11.581673,76.33671,86.549194,10.212486,94.33996,99.586426,5.2464676,45.869213,52.847313,6.9781,33.293167,36.698994,3.4058266,23.062431,23.66558,0.6031494,47.58943,48.60069,1.0112572,23.643555,25.905565,2.2620106,15.48563,16.194513,0.7088833,27.521566,30.08674,2.565174,35.576668,35.114353,0.4623146,74.324585,76.776215,2.4516296,64.36681,63.278698,1.0881157
LmpCWk6jQZlA7EPOImRlJpNT_4ON6NgbzEMhwCJa2OU,d7b04d56a1e9ae288d299d4a8217afd0,167.45,1,88.32931,99.8899,11.560593,76.33671,86.52957,10.192863,94.33996,99.56677,5.2268143,45.869213,52.83132,6.9621086,33.293167,36.6901,3.3969345,23.062431,23.660067,0.59763527,47.58943,48.59047,1.0010376,23.643555,25.89272,2.2491646,15.48563,16.18974,0.7041092,27.521566,30.077044,2.5554771,35.576668,35.103626,0.47304153,74.324585,76.750534,2.425949,64.36681,63.254272,1.1125412
LmpCWk6jQZlA7EPOImRlJpNT_4ON6NgbzEMhwCJa2OU,fc7b3decfb6d7ba04480764a954d84d7,167.45,1,88.32931,99.87585,11.546539,76.33671,86.51649,10.179779,94.33996,99.55694,5.21698,45.869213,52.824657,6.9554443,33.293167,36.686623,3.3934555,23.062431,23.657768,0.5953369,47.58943,48.587326,0.9978943,23.643555,25.889002,2.2454472,15.48563,16.18717,0.70154,27.521566,30.071075,2.549509,35.576668,35.09893,0.47773743,74.324585,76.74564,2.4210587,64.36681,63.24939,1.117424
J8vqwp_s55pqSPsvHuWqSgPJ4IaZN06w-8TxCp6c-jw,3b7a27071bf6ec825a287e624dab59fc,178.6,1,104.19831,104.637764,0.43945312,83.485435,91.54824,8.062805,98.99739,102.335625,3.338234,56.757156,54.41903,2.3381271,36.823376,38.10584,1.2824631,24.449553,25.10473,0.65517807,51.479023,51.494297,0.015274048,28.564621,27.533213,1.0314083,16.514137,17.108097,0.5939598,33.18129,31.71036,1.4709301,37.225243,37.35619,0.13094711,80.10054,81.15687,1.0563278,68.39682,67.83519,0.56163025
ZDukDpUhq-XJdgUN_E8gup7rIeIgAAC3fCidsBGSTi8,209f1db8fb9bd0ff6debfe6a0e09b577,175.0,1,100.54851,103.20666,2.6581497,90.11078,90.00316,0.10762024,98.67903,101.46099,2.7819595,52.256252,53.930325,1.6740723,38.964394,37.669945,1.2944489,25.73555,24.66499,1.0705605,52.740665,50.62016,2.1205063,25.554504,27.035961,1.4814568,17.08887,16.82499,0.26387978,30.761065,31.22693,0.4658661,37.615433,36.67439,0.94104385,80.604065,79.83155,0.77251434,67.659676,66.449066,1.2106094
59bc274e681516389ccf3cda,faf3e8632badbb758d388238d9dc4129,165.65,1,97.72739,99.12271,1.3953247,89.95777,85.75759,4.20018,98.84732,99.15402,0.30670166,52.265976,52.595463,0.32948685,37.785175,36.47399,1.3111839,23.706352,23.433992,0.27235985,47.590702,48.129032,0.5383301,26.400845,25.637503,0.7633419,17.418892,16.049105,1.3697872,27.234602,29.80648,2.5718784,34.872654,34.75099,0.12166214,75.494354,76.05364,0.559288,63.86367,62.53862,1.3250504
upa6foQNb8RjG3rcyAiG0Np9ls0JeJ_nBr0CRoL6I5g,53bda9184b57ee0ca702b988e40d8a23,161.9,0,95.81107,95.64647,0.16460419,79.19486,82.49304,3.2981796,101.45923,97.70448,3.7547455,53.62621,51.658695,1.967514,35.16777,35.55001,0.3822403,21.656837,22.459396,0.8025589,47.563442,46.14572,1.4177208,25.592167,24.57877,1.0133972,15.127209,15.460856,0.33364773,30.107946,28.592932,1.5150146,32.695847,33.205032,0.5091858,76.84252,73.13402,3.7085037,58.665115,59.472057,0.806942
upa6foQNb8RjG3rcyAiG0Np9ls0JeJ_nBr0CRoL6I5g,2186de274808b8190f025a4d48e7f692,161.9,0,95.81107,95.657715,0.15335846,79.19486,82.49959,3.3047256,101.45923,97.71431,3.7449188,53.62621,51.664024,1.9621849,35.16777,35.553104,0.385334,21.656837,22.460316,0.80347824,47.563442,46.14572,1.4177208,25.592167,24.582827,1.0093403,15.127209,15.461591,0.33438206,30.107946,28.5989,1.5090466,32.695847,33.206375,0.51052856,76.84252,73.13891,3.7036133,58.665115,59.472057,0.806942
upa6foQNb8RjG3rcyAiG0Np9ls0JeJ_nBr0CRoL6I5g,1afcd82fb8d33d0b89980144202ad496,161.9,0,95.81107,95.63523,0.17584229,79.19486,82.4865,3.2916412,101.45923,97.69957,3.7596588,53.62621,51.657364,1.9688454,35.16777,35.548466,0.38069534,21.656837,22.45664,0.7998028,47.563442,46.13943,1.4240112,25.592167,24.574715,1.0174522,15.127209,15.459388,0.33217907,30.107946,28.593927,1.514019,32.695847,33.20101,0.5051651,76.84252,73.12913,3.7133942,58.665115,59.462288,0.79717255
upa6foQNb8RjG3rcyAiG0Np9ls0JeJ_nBr0CRoL6I5g,3211b2ae2e2c9a2f75f03e2696091e2a,161.9,0,95.81107,95.64647,0.16460419,79.19486,82.49304,3.2981796,101.45923,97.7094,3.7498322,53.62621,51.658695,1.967514,35.16777,35.55001,0.3822403,21.656837,22.459396,0.8025589,47.563442,46.14572,1.4177208,25.592167,24.57742,1.0147476,15.127209,15.460856,0.33364773,30.107946,28.593927,1.514019,32.695847,33.203693,0.50784683,76.84252,73.13402,3.7085037,58.665115,59.467175,0.8020592
upa6foQNb8RjG3rcyAiG0Np9ls0JeJ_nBr0CRoL6I5g,90aba7999360a3911684542c0351cdab,161.9,0,95.81107,95.65209,0.15898132,79.19486,82.49959,3.3047256,101.45923,97.69957,3.7596588,53.62621,51.653366,1.9728432,35.16777,35.551556,0.38378525,21.656837,22.459396,0.8025589,47.563442,46.148865,1.4145775,25.592167,24.576067,1.0160999,15.127209,15.461591,0.33438206,30.107946,28.589949,1.5179977,32.695847,33.203693,0.50784683,76.84252,73.13402,3.7085037,58.665115,59.472057,0.806942
upa6foQNb8RjG3rcyAiG0Np9ls0JeJ_nBr0CRoL6I5g,1c4b3c3a171568b29350d806b1205555,161.9,0,95.81107,95.65209,0.15898132,79.19486,82.49304,3.2981796,101.45923,97.71431,3.7449188,53.62621,51.66136,1.9648476,35.16777,35.55465,0.38687897,21.656837,22.457558,0.8007202,47.563442,46.13943,1.4240112,25.592167,24.580124,1.012043,15.127209,15.460856,0.33364773,30.107946,28.597906,1.5100403,32.695847,33.203693,0.50784683,76.84252,73.12913,3.7133942,58.665115,59.462288,0.79717255
upa6foQNb8RjG3rcyAiG0Np9ls0JeJ_nBr0CRoL6I5g,0d881f6dc8c93ba2685897cf83ca098a,161.9,0,95.81107,95.657715,0.15335846,79.19486,82.50613,3.311264,101.45923,97.71922,3.7400055,53.62621,51.66669,1.9595184,35.16777,35.5562,0.38842773,21.656837,22.459396,0.8025589,47.563442,46.14258,1.4208641,25.592167,24.584179,1.007988,15.127209,15.462325,0.3351164,30.107946,28.602879,1.5050678,32.695847,33.206375,0.51052856,76.84252,73.13891,3.7036133,58.665115,59.472057,0.806942
upa6foQNb8RjG3rcyAiG0Np9ls0JeJ_nBr0CRoL6I5g,91cf5bb73286383b66b74c87cb7dc5fb,161.9,0,95.81107,95.64647,0.16460419,79.19486,82.49304,3.2981796,101.45923,97.70448,3.7547455,53.62621,51.658695,1.967514,35.16777,35.55001,0.3822403,21.656837,22.458477,0.80163956,47.563442,46.14258,1.4208641,25.592167,24.57742,1.0147476,15.127209,15.460122,0.3329134,30.107946,28.593927,1.514019,32.695847,33.20235,0.50650406,76.84252,73.13402,3.7085037,58.665115,59.467175,0.8020592
upa6foQNb8RjG3rcyAiG0Np9ls0JeJ_nBr0CRoL6I5g,16949a9df1bf2247a085cc6dcbe4e3a8,161.9,0,95.81107,95.64647,0.16460419,79.19486,82.49959,3.3047256,101.45923,97.7094,3.7498322,53.62621,51.660027,1.9661827,35.16777,35.553104,0.385334,21.656837,22.457558,0.8007202,47.563442,46.13943,1.4240112,25.592167,24.57877,1.0133972,15.127209,15.460856,0.33364773,30.107946,28.595917,1.5120296,32.695847,33.20101,0.5051651,76.84252,73.12913,3.7133942,58.665115,59.462288,0.79717255
9rYyXYgQEdGYY1PiFKxNSlIMG_TULgQuWUfzZOvk6jo,52a774447e61e2296150db4d470b8e33,171.6,1,89.83584,101.68984,11.854004,78.25339,88.372826,10.119438,90.26661,100.580215,10.313606,46.741257,53.42496,6.6837044,34.559433,37.220715,2.6612816,23.513565,24.2017,0.68813515,52.82766,49.690754,3.1369057,25.274616,26.50427,1.2296543,16.164352,16.529947,0.36559486,25.49438,30.697805,5.2034245,34.24044,35.950012,1.7095718,81.89997,78.41365,3.4863205,62.72424,64.979614,2.255375
yG8urEXMQwYxRedKdQ0PzhAnG6wRRQ3Qhkcivj4uxSo,78bd87141c24819e2ca35a5cff8acc6f,162.3,0,93.544975,95.75888,2.2139053,77.15979,82.578094,5.4183044,95.0471,97.75854,2.711441,54.1842,51.681347,2.5028534,37.8844,35.577847,2.306553,23.657898,22.48421,1.1736889,45.297672,46.205463,0.90779114,25.70155,24.605814,1.0957355,16.109135,15.477013,0.63212204,29.607847,28.630732,0.97711563,31.384274,33.246597,1.8623238,75.855774,73.217155,2.6386185,58.579464,59.550217,0.9707527
3Vo8ABg89h201AlXzvzagbw0IIvECoAtA3-Bl8PxAoo,61ccb37c73c4e56f464f1f083c01dfda,160.5,1,96.22572,97.17523,0.94950867,89.45768,83.87672,5.580963,98.95614,98.159,0.797142,52.223114,51.995823,0.2272911,33.945976,35.934296,1.9883194,23.042976,22.864674,0.17830276,45.99728,46.9664,0.96912,24.704294,24.995232,0.29093742,15.691343,15.701002,0.0096588135,28.794703,29.111177,0.3164749,34.43301,33.864716,0.5682945,73.943985,74.28328,0.33929443,61.37334,60.717735,0.6556053
IQeiBIfv-Kmu0xME8fnRBZePqh290USy8vCYzmI6lLc,1ae6c9a94777730a4c07c0640cf37618,184.0,1,104.21641,106.35621,2.139801,90.41167,93.44629,3.0346222,103.86868,103.4495,0.41918182,55.04047,55.022667,0.017803192,39.367634,38.634327,0.7333069,26.31605,25.644642,0.6714077,52.74187,52.55552,0.18635178,29.068277,28.141678,0.9265995,18.184902,17.456566,0.72833633,32.47616,32.283314,0.19284439,37.089016,38.17811,1.0890923,82.22992,82.7634,0.5334778,71.992805,69.52296,2.4698486
IQeiBIfv-Kmu0xME8fnRBZePqh290USy8vCYzmI6lLc,8f6acfc9f6e080d43344b776846927ac,184.0,1,104.21641,106.34216,2.1257553,90.41167,93.43648,3.0248108,103.86868,103.43844,0.43024445,55.04047,55.011337,0.029132843,39.367634,38.628914,0.73871994,26.31605,25.641884,0.6741657,52.74187,52.549232,0.1926384,29.068277,28.134918,0.93335915,18.184902,17.453629,0.73127365,32.47616,32.277348,0.19881058,37.089016,38.172745,1.0837288,82.22992,82.748726,0.51880646,71.992805,69.51074,2.4820633
ro7fbgrTpvIYxNOi6U2xNVTW0NgXJavWXzbY2gww5DE,4b1a29fdd80d76ce7d833fa799493bb5,166.5,0,86.71207,97.04596,10.333893,69.643005,83.73933,14.096321,89.235245,98.370285,9.13504,49.81103,52.05579,2.2447586,35.72214,35.92192,0.19977951,21.716303,22.84997,1.133667,49.49157,46.95697,2.5345993,22.123798,25.015514,2.891716,14.699458,15.694393,0.99493504,23.87394,29.092278,5.218338,32.320084,33.8084,1.4883156,77.49357,74.363976,3.129593,59.038425,60.72262,1.6841927
5_m2-TYDAgPpC0RM31LQ6jzDxAXdYr9vW4q1fXj7ypM,41f43a839d25aa4b592c9060f4e5ccc1,176.5,0,84.14324,101.14888,17.005638,74.2696,87.80693,13.537331,94.30028,100.60847,6.3081894,50.39286,53.333683,2.9408226,36.768856,37.07941,0.3105545,21.694387,24.058681,2.364294,50.485073,49.433064,1.0520096,22.11037,26.38676,4.27639,13.785758,16.444391,2.6586332,24.97954,30.546982,5.567442,32.202362,35.699615,3.4972534,78.908844,78.124,0.78484344,63.23546,64.5717,1.3362427
5_m2-TYDAgPpC0RM31LQ6jzDxAXdYr9vW4q1fXj7ypM,9a86e200bb35718bdd3ac03e395efb2d,176.5,0,84.14324,101.14185,16.998611,74.2696,87.800385,13.530785,94.30028,100.6011,6.3008194,50.39286,53.33235,2.9394913,36.768856,37.078056,0.3092003,21.694387,24.058107,2.36372,50.485073,49.431885,1.0531883,22.11037,26.383549,4.273178,13.785758,16.443472,2.657714,24.97954,30.54319,5.56365,32.202362,35.69794,3.4955788,78.908844,78.12033,0.7885132,63.23546,64.56742,1.3319626
5_m2-TYDAgPpC0RM31LQ6jzDxAXdYr9vW4q1fXj7ypM,5ce80fad7b7224ef268294440e3a27af,176.5,0,84.14324,101.15028,17.007042,74.2696,87.82492,13.555321,94.30028,100.59987,6.299591,50.39286,53.335682,2.9428215,36.768856,37.08115,0.312294,21.694387,24.062588,2.3682003,50.485073,49.435814,1.0492592,22.11037,26.391325,4.2809544,13.785758,16.447329,2.6615705,24.97954,30.547993,5.568453,32.202362,35.70498,3.502617,78.908844,78.13011,0.7787323,63.23546,64.57933,1.3438721
5_m2-TYDAgPpC0RM31LQ6jzDxAXdYr9vW4q1fXj7ypM,edfd5249373a8631520b79fcecf36979,176.5,0,84.14324,101.15801,17.01477,74.2696,87.83637,13.566772,94.30028,100.60847,6.3081894,50.39286,53.344345,2.9514847,36.768856,37.08463,0.315773,21.694387,24.066492,2.3721046,50.485073,49.442986,1.0420876,22.11037,26.39724,4.286869,13.785758,16.449348,2.6635904,24.97954,30.553215,5.573675,32.202362,35.711014,3.5086517,78.908844,78.14417,0.7646713,63.23546,64.593376,1.3579178
5_m2-TYDAgPpC0RM31LQ6jzDxAXdYr9vW4q1fXj7ypM,fa597745cd8d79e522699d00846e9441,176.5,0,84.14324,101.13693,16.99369,74.2696,87.8053,13.535698,94.30028,100.60478,6.3045044,50.39286,53.330353,2.9374924,36.768856,37.078445,0.3095894,21.694387,24.05558,2.3611927,50.485073,49.424217,1.0608559,22.11037,26.384733,4.2743626,13.785758,16.443106,2.6573477,24.97954,30.544558,5.5650177,32.202362,35.697353,3.4949913,78.908844,78.10826,0.8005829,63.23546,64.553375,1.3179169
5_m2-TYDAgPpC0RM31LQ6jzDxAXdYr9vW4q1fXj7ypM,9e5f494b85072f5ed2e0ab378b9816aa,176.5,0,84.14324,101.14466,17.00142,74.2696,87.82329,13.553688,94.30028,100.602325,6.3020477,50.39286,53.337017,2.9441566,36.768856,37.07941,0.3105545,21.694387,24.064655,2.3702679,50.485073,49.44004,1.0450325,22.11037,26.391325,4.2809544,13.785758,16.44696,2.6612024,24.97954,30.547884,5.568344,32.202362,35.70582,3.503456,78.908844,78.135155,0.77368927,63.23546,64.585434,1.3499756
5_m2-TYDAgPpC0RM31LQ6jzDxAXdYr9vW4q1fXj7ypM,15753368dd8a4dbfaf1f012a519ad730,176.5,0,84.14324,101.13975,16.996506,74.2696,87.81348,13.543877,94.30028,100.60601,6.3057327,50.39286,53.329685,2.9368248,36.768856,37.074963,0.30610657,21.694387,24.059486,2.365099,50.485073,49.4308,1.0542717,22.11037,26.385746,4.2753754,13.785758,16.445126,2.6593676,24.97954,30.544434,5.5648937,32.202362,35.700287,3.4979248,78.908844,78.11957,0.7892761,63.23546,64.5662,1.3307419
5_m2-TYDAgPpC0RM31LQ6jzDxAXdYr9vW4q1fXj7ypM,71fbc61d08896221ce60342c543fef33,176.5,0,84.14324,101.15801,17.01477,74.2696,87.83473,13.565132,94.30028,100.62075,6.3204727,50.39286,53.344345,2.9514847,36.768856,37.085983,0.31712723,21.694387,24.065458,2.3710709,50.485073,49.439644,1.0454292,22.11037,26.399437,4.2890663,13.785758,16.449348,2.6635904,24.97954,30.554722,5.575182,32.202362,35.710175,3.5078125,78.908844,78.14234,0.7665024,63.23546,64.59124,1.3557816
5_m2-TYDAgPpC0RM31LQ6jzDxAXdYr9vW4q1fXj7ypM,642f4d19f3f7e89abe212c27bbd6e4a7,176.5,0,84.14324,101.15801,17.01477,74.2696,87.83473,13.565132,94.30028,100.624435,6.3241577,50.39286,53.343678,2.950817,36.768856,37.08463,0.315773,21.694387,24.063736,2.3693485,50.485073,49.43709,1.0479813,22.11037,26.399607,4.289236,13.785758,16.450266,2.6645079,24.97954,30.556541,5.5770016,32.202362,35.710175,3.5078125,78.908844,78.13806,0.7707825,63.23546,64.58696,1.3515015
5_m2-TYDAgPpC0RM31LQ6jzDxAXdYr9vW4q1fXj7ypM,bd84d6ddd3be957fcf205aefa25e3ecf,176.5,0,84.14324,101.15942,17.016174,74.2696,87.83473,13.565132,94.30028,100.62566,6.325386,50.39286,53.34168,2.9488182,36.768856,37.08405,0.31519318,21.694387,24.061668,2.367281,50.485073,49.43493,1.0501442,22.11037,26.39707,4.2866993,13.785758,16.44898,2.6632223,24.97954,30.553774,5.574234,32.202362,35.709087,3.5067253,78.908844,78.13057,0.77827454,63.23546,64.578415,1.3429565
_O3eWXWBEcfW9uCXMVYkA8quiRcRrSxyU8W8UYsGHqk,cdf477b755f00831bf92129c46034b9d,178.85,1,100.27538,104.73612,4.460739,86.228874,91.65619,5.4273148,104.32334,102.3906,1.9327393,55.67872,54.45401,1.2247086,37.098858,38.13445,1.0355911,24.307783,25.135517,0.827734,49.56963,51.557182,1.9875526,27.644289,27.565664,0.078624725,16.944386,17.126457,0.18207169,31.571135,31.742191,0.17105675,35.17621,37.40312,2.2269096,80.776955,81.249794,0.47283936,70.5875,67.928,2.6595001
_O3eWXWBEcfW9uCXMVYkA8quiRcRrSxyU8W8UYsGHqk,31d18be186fa92fb2b2879a0b3ad2665,178.85,1,100.27538,104.76001,4.484627,86.228874,91.68236,5.4534836,104.32334,102.40841,1.9149323,55.67872,54.468834,1.2098846,37.098858,38.14411,1.0452538,24.307783,25.141949,0.8341656,49.56963,51.568188,1.998558,27.644289,27.579185,0.06510353,16.944386,17.133066,0.18868065,31.571135,31.752138,0.18100357,35.17621,37.416527,2.2403183,80.776955,81.2718,0.49484253,70.5875,67.95242,2.6350784
_O3eWXWBEcfW9uCXMVYkA8quiRcRrSxyU8W8UYsGHqk,1f4a2cc5c66dd3c9f71ec70356e19223,178.85,1,100.27538,104.733315,4.4579315,86.228874,91.65046,5.421585,104.32334,102.39797,1.9253693,55.67872,54.451344,1.227375,37.098858,38.1329,1.0340424,24.307783,25.1323,0.8245163,49.56963,51.552467,1.9828377,27.644289,27.565664,0.078624725,16.944386,17.12609,0.18170357,31.571135,31.741196,0.17006111,35.17621,37.400436,2.224228,80.776955,81.242455,0.46549988,70.5875,67.92312,2.664383
_O3eWXWBEcfW9uCXMVYkA8quiRcRrSxyU8W8UYsGHqk,28e8df347b1c883ffc704a7982ad2235,178.85,1,100.27538,104.748764,4.473381,86.228874,91.66682,5.4379425,104.32334,102.40841,1.9149323,55.67872,54.453842,1.2248764,37.098858,38.138313,1.0394554,24.307783,25.134598,0.82681465,49.56963,51.560326,1.990696,27.644289,27.569721,0.074567795,16.944386,17.12866,0.18427467,31.571135,31.747164,0.1760292,35.17621,37.40848,2.232273,80.776955,81.257126,0.4801712,70.5875,67.932884,2.6546173
14jpgC_nNGPOffvAQo4KbTLvFLaJKqAloOYHFvSaP14,b41d0b3eb450d7afe675c93700cd7849,155.7,0,119.11449,94.33129,24.783195,98.37529,81.472466,16.902824,108.58586,97.14924,11.436623,60.364925,51.332226,9.0327,38.360146,35.225266,3.13488,23.524101,22.118448,1.405653,48.197536,45.40679,2.7907448,27.302065,24.215042,3.0870228,16.44612,15.26918,1.176939,32.65481,28.138348,4.516464,37.18885,32.676754,4.5120964,74.94033,72.062996,2.8773346,61.90311,58.38759,3.515522
qrVKaC58VtESle4b_JRoEpCYYt6Kmyooh4yY5RpFmkM,b2394e3a209f2c31f49c51f40a4aa023,171.75,0,87.41625,99.0637,11.647446,71.99419,85.679085,13.684898,92.39675,99.43901,7.042259,48.508266,52.66609,4.1578217,32.712593,36.47631,3.7637177,21.867212,23.43675,1.5695381,49.410835,48.166763,1.244072,22.668896,25.680094,3.011198,14.853142,16.05498,1.2018375,24.448757,29.809963,5.361206,31.388039,34.722164,3.3341255,79.115746,76.195465,2.9202805,60.201763,62.592354,2.3905907
qrVKaC58VtESle4b_JRoEpCYYt6Kmyooh4yY5RpFmkM,f0eee49c7fc15dc0a52cd96ae5c5c906,171.75,0,87.41625,99.07213,11.655876,71.99419,85.69544,13.701256,92.39675,99.44638,7.049629,48.508266,52.66742,4.159153,32.712593,36.47863,3.766037,21.867212,23.439507,1.5722942,49.410835,48.173054,1.2377815,22.668896,25.682123,3.0132275,14.853142,16.056816,1.2036743,24.448757,29.814438,5.3656807,31.388039,34.726856,3.3388176,79.115746,76.202805,2.912941,60.201763,62.59724,2.3954773
qrVKaC58VtESle4b_JRoEpCYYt6Kmyooh4yY5RpFmkM,bf6db5c51427441102e5ca917d58fec3,171.75,0,87.41625,99.058075,11.641823,71.99419,85.68563,13.691444,92.39675,99.41199,7.015236,48.508266,52.660755,4.1524887,32.712593,36.47399,3.7613983,21.867212,23.43767,1.5704575,49.410835,48.169125,1.2417107,22.668896,25.67401,3.0051136,14.853142,16.051674,1.1985321,24.448757,29.809963,5.361206,31.388039,34.722836,3.334797,79.115746,76.199135,2.9166107,60.201763,62.591133,2.38937
qrVKaC58VtESle4b_JRoEpCYYt6Kmyooh4yY5RpFmkM,aa2ad66a8821796baf2e2d818dd84002,171.75,0,87.41625,99.05246,11.636208,71.99419,85.67581,13.681625,92.39675,99.4169,7.020149,48.508266,52.65676,4.1484947,32.712593,36.471672,3.759079,21.867212,23.434912,1.5676994,49.410835,48.16362,1.2472153,22.668896,25.669954,3.0010586,14.853142,16.05094,1.1977978,24.448757,29.804491,5.355734,31.388039,34.71814,3.330101,79.115746,76.185684,2.9300613,60.201763,62.5777,2.3759384
oPk9abx21incMw-PVVX2KFDa_-S5yjwVTV6p77DB46M,0b0b63ba87bab764bf8eeb8f60907ee2,175.75,1,95.98688,103.50243,7.5155563,92.576996,90.310745,2.2662506,101.0166,101.6428,0.6261978,50.2928,54.02527,3.7324677,34.26358,37.75867,3.4950905,24.064661,24.753674,0.6890125,49.30339,50.80096,1.49757,25.621813,27.134666,1.5128536,16.345488,16.884016,0.53852844,29.549028,31.323418,1.7743893,35.713264,36.81383,1.1005669,78.8954,80.104195,1.2087936,68.168755,66.7324,1.4363556
oPk9abx21incMw-PVVX2KFDa_-S5yjwVTV6p77DB46M,7a6bcd9430abbd61aaddc62a5e5d027e,175.75,1,95.98688,103.503136,7.5162582,92.576996,90.32434,2.252655,101.0166,101.646484,0.6298828,50.2928,54.032265,3.7394638,34.26358,37.76041,3.49683,24.064661,24.75689,0.6922283,49.30339,50.804108,1.5007172,25.621813,27.139399,1.5175858,16.345488,16.885025,0.53953743,29.549028,31.328888,1.7798595,35.713264,36.817856,1.1045914,78.8954,80.109085,1.2136841,68.168755,66.73972,1.4290314
oPk9abx21incMw-PVVX2KFDa_-S5yjwVTV6p77DB46M,74de8c03905c8358834da9c98dba0a08,175.75,1,95.98688,103.50103,7.5141525,92.576996,90.32107,2.255928,101.0166,101.64771,0.63111115,50.2928,54.02843,3.73563,34.26358,37.759445,3.4958649,24.064661,24.75551,0.6908493,49.30339,50.804108,1.5007172,25.621813,27.134666,1.5128536,16.345488,16.882914,0.537426,29.549028,31.32839,1.7793617,35.713264,36.816513,1.1032486,78.8954,80.110306,1.2149048,68.168755,66.7385,1.4302521
oPk9abx21incMw-PVVX2KFDa_-S5yjwVTV6p77DB46M,84525633b7781fe9dc9efb35d8dc5058,175.75,1,95.98688,103.519295,7.5324173,92.576996,90.32485,2.2521439,101.0166,101.66614,0.64953613,50.2928,54.0271,3.7342987,34.26358,37.761185,3.4976044,24.064661,24.754593,0.68993187,49.30339,50.80725,1.5038605,25.621813,27.135344,1.5135307,16.345488,16.884565,0.53907776,29.549028,31.334856,1.7858276,35.713264,36.819195,1.1059303,78.8954,80.110306,1.2149048,68.168755,66.73362,1.4351349
nmwUdkQwCmcQiJyo6rrCHuV28ZxXdzKhtDLzrY831HQ,e69c957faefb3e6314e069a54f9dcf52,163.6,0,88.3853,96.12421,7.738907,79.98489,82.9052,2.9203033,97.54821,97.935425,0.38721466,54.127876,51.794613,2.3332634,37.74306,35.673725,2.069336,23.235989,22.588057,0.64793205,47.47443,46.41299,1.0614395,24.45445,24.724802,0.2703514,15.744139,15.537968,0.20617104,26.690258,28.765017,2.0747585,31.943146,33.406155,1.4630089,75.442314,73.544815,1.8974991,59.557384,59.8824,0.32501602
I10ukfr-Y9oCFwgK_PgR9aQN2QJQiUp0RdZ6t-8q6TY,42e9203df87c801ecd30a799ebe9dfb7,180.0,1,97.56875,105.133766,7.5650177,75.66338,92.101875,16.438492,94.51871,102.638435,8.119728,49.317307,54.58793,5.2706223,32.798244,38.257,5.4587555,24.233719,25.26142,1.0277004,50.914707,51.804016,0.8893089,26.692163,27.70764,1.0154762,16.472822,17.207973,0.7351513,30.612103,31.873493,1.2613907,36.92199,37.594856,0.6728668,82.832565,81.619026,1.2135391,66.620224,68.323685,1.7034607
fOCheDvo1LbFwYLyHekXDBh1b3ph4qo4v8rQKfe4kWQ,c0b2821669942fb625098b798548e881,162.5,0,103.38649,95.80946,7.5770264,93.05163,82.64351,10.408119,96.59765,97.783104,1.1854553,52.39796,51.701336,0.69662476,37.032265,35.59331,1.4389534,32.238968,22.498913,9.740055,48.25695,46.230618,2.0263329,29.537277,24.623392,4.913885,16.922926,15.485091,1.4378347,36.06411,28.652615,7.411495,33.635387,33.269394,0.3659935,78.340996,73.26117,5.0798264,61.477386,59.599068,1.8783188
0_Be70jSUDcGB5ClohaaXArKKavaPoKiI0b8OAnJFbA,ec393d87f5229b6ffa90fa3f1b48a3eb,166.1,0,100.069115,96.908264,3.1608505,89.4689,83.601944,5.8669586,99.216156,98.318695,0.89746094,50.357002,52.023808,1.6668053,36.288,35.884808,0.4031906,26.227448,22.807697,3.4197502,49.678192,46.868927,2.8092651,24.236107,24.973598,0.7374916,14.806181,15.669424,0.8632431,26.421892,29.047516,2.6256237,34.727776,33.74538,0.9823952,77.248856,74.234375,3.0144806,62.67653,60.58828,2.0882492
lnscEWH45_MGVPJYyOncmppFc7Ujvf_LH2hvl_MGtOM,d1252867cf72e2961fa44c3ba5a5770d,175.0,1,100.68138,103.18418,2.5028,90.82778,89.974846,0.8529358,99.06059,101.45485,2.3942566,51.43335,53.920162,2.4868126,37.84144,37.661827,0.1796112,26.9339,24.657408,2.276493,48.089108,50.606796,2.5176888,27.697176,27.026157,0.6710186,16.462135,16.821224,0.3590889,30.889538,31.217978,0.3284397,37.12368,36.66433,0.4593506,77.14508,79.80954,2.6644592,68.89709,66.42831,2.4687805
lnscEWH45_MGVPJYyOncmppFc7Ujvf_LH2hvl_MGtOM,89dd0e7138252e149b7039e58de87dc2,175.0,1,100.68138,103.19682,2.515442,90.82778,89.992226,0.83555603,99.06059,101.46345,2.402855,51.43335,53.928158,2.4948082,37.84144,37.66782,0.17361832,26.9339,24.662922,2.270979,48.089108,50.61466,2.5255508,27.697176,27.034946,0.66222954,16.462135,16.824713,0.36257744,30.889538,31.224443,0.33490562,37.12368,36.671036,0.45264435,77.14508,79.82788,2.6828003,68.89709,66.449066,2.448021
_dZv9Lx4QQaErGPVW8IDcAvXFt3o_LYh6fooPl_Gznw,9de4a1902eb30e321688610df13f1577,180.0,1,102.18827,105.10567,2.9173965,94.76937,92.064255,2.7051163,99.30117,102.628456,3.3272858,52.339344,54.573936,2.2345924,34.45154,38.247723,3.7961807,23.229324,25.250391,2.0210667,54.85868,51.78672,3.0719604,25.537554,27.691414,2.15386,15.92324,17.199896,1.2766562,29.28941,31.863546,2.5741367,38.171345,37.578766,0.5925789,85.165634,81.58479,3.580841,67.3747,68.28705,0.9123459
_dZv9Lx4QQaErGPVW8IDcAvXFt3o_LYh6fooPl_Gznw,fbbf158bc4700b8bb9685f17976d8e7d,180.0,1,102.18827,105.10567,2.9173965,94.76937,92.06753,2.7018433,99.30117,102.63122,3.3300476,52.339344,54.57327,2.2339249,34.45154,38.249268,3.7977257,23.229324,25.25223,2.0229053,54.85868,51.789867,3.0688133,25.537554,27.694794,2.15724,15.92324,17.201365,1.2781248,29.28941,31.865536,2.576126,38.171345,37.581448,0.58989716,85.165634,81.599464,3.5661697,67.3747,68.29682,0.92211914
_dZv9Lx4QQaErGPVW8IDcAvXFt3o_LYh6fooPl_Gznw,35dc9b11070dda17d452adfb5c4ecc55,180.0,1,102.18827,105.10567,2.9173965,94.76937,92.05772,2.7116547,99.30117,102.638435,3.337265,52.339344,54.57227,2.2329254,34.45154,38.24695,3.7954063,23.229324,25.249472,2.0201473,54.85868,51.78515,3.073532,25.537554,27.694118,2.1565647,15.92324,17.200996,1.2777567,29.28941,31.86454,2.5751305,38.171345,37.578766,0.5925789,85.165634,81.594574,3.5710602,67.3747,68.29193,0.9172287
_dZv9Lx4QQaErGPVW8IDcAvXFt3o_LYh6fooPl_Gznw,5b59c1fda608a8594c4fbc33ed1b50b0,180.0,1,102.18827,105.11128,2.9230118,94.76937,92.06753,2.7018433,99.30117,102.641815,3.3406448,52.339344,54.572605,2.233261,34.45154,38.248497,3.796955,23.229324,25.250391,2.0210667,54.85868,51.788296,3.070385,25.537554,27.694794,2.15724,15.92324,17.202099,1.2788591,29.28941,31.86653,2.5771198,38.171345,37.582787,0.5885582,85.165634,81.599464,3.5661697,67.3747,68.29193,0.9172287
RDxjKtYfF_820cUZ7zkbxP4f10QxD7eeLywY15TzAgY,325850bd7425577ea27d464657b76d52,166.0,1,97.35903,99.27587,1.9168396,83.928856,85.91133,1.9824753,95.681946,99.24247,3.560524,52.962936,52.644768,0.31816864,34.992542,36.515743,1.523201,22.717184,23.479483,0.7622986,47.252445,48.219433,0.9669876,27.284473,25.68956,1.5949135,16.427145,16.076643,0.350502,31.561316,29.861687,1.6996288,34.984818,34.820713,0.16410446,73.79431,76.191795,2.3974838,64.9565,62.681507,2.27499
PEHN1aqxst83Z9A4dsV9vlx4izfDR4pcnR-j3mGZQFY,d3da0dafeb51779c57478181be163319,163.5,0,85.69306,96.090485,10.397423,68.22838,82.87249,14.644112,87.350784,97.91086,10.560074,47.892033,51.774624,3.8825912,34.470863,35.664444,1.1935806,22.290216,22.581623,0.29140663,47.56544,46.405132,1.1603088,23.442404,24.708576,1.2661724,14.4994545,15.532092,1.0326376,26.000399,28.746119,2.74572,32.316536,33.39409,1.0775528,75.18097,73.52036,1.6606064,57.747913,59.862858,2.1149445
PEHN1aqxst83Z9A4dsV9vlx4izfDR4pcnR-j3mGZQFY,39fcefac258e7c71909dd96d8865f094,163.5,0,85.69306,96.10173,10.4086685,68.22838,82.87903,14.65065,87.350784,97.91823,10.567444,47.892033,51.786617,3.8945847,34.470863,35.669083,1.1982193,22.290216,22.581623,0.29140663,47.56544,46.400414,1.1650276,23.442404,24.713985,1.2715816,14.4994545,15.532092,1.0326376,26.000399,28.754076,2.7536774,32.316536,33.392746,1.07621,75.18097,73.52036,1.6606064,57.747913,59.862858,2.1149445
PEHN1aqxst83Z9A4dsV9vlx4izfDR4pcnR-j3mGZQFY,bf4130db31738f645744d9f099590dee,163.5,0,85.69306,96.090485,10.397423,68.22838,82.87249,14.644112,87.350784,97.91086,10.560074,47.892033,51.773293,3.88126,34.470863,35.6629,1.1920357,22.290216,22.577028,0.28681183,47.56544,46.3957,1.1697426,23.442404,24.705872,1.2634678,14.4994545,15.530623,1.0311689,26.000399,28.747112,2.7467136,32.316536,33.388725,1.0721893,75.18097,73.50325,1.6777191,57.747913,59.84332,2.0954056
PEHN1aqxst83Z9A4dsV9vlx4izfDR4pcnR-j3mGZQFY,43ae44f32ecd0b3aba20998bcb108747,163.5,0,85.69306,96.090485,10.397423,68.22838,82.865944,14.637566,87.350784,97.91577,10.564987,47.892033,51.77729,3.8852577,34.470863,35.665993,1.1951294,22.290216,22.577028,0.28681183,47.56544,46.39727,1.1681709,23.442404,24.707224,1.2648201,14.4994545,15.530623,1.0311689,26.000399,28.749102,2.748703,32.316536,33.390064,1.0735283,75.18097,73.51058,1.6703873,57.747913,59.8482,2.1002884
PEHN1aqxst83Z9A4dsV9vlx4izfDR4pcnR-j3mGZQFY,0711d230975b698d3a752e8e47ff81d4,163.5,0,85.69306,96.09611,10.403046,68.22838,82.87249,14.644112,87.350784,97.9084,10.557617,47.892033,51.769295,3.877262,34.470863,35.6629,1.1920357,22.290216,22.579784,0.28956795,47.56544,46.40356,1.1618805,23.442404,24.708576,1.2661724,14.4994545,15.532826,1.0333719,26.000399,28.745123,2.7447243,32.316536,33.392746,1.07621,75.18097,73.51792,1.6630478,57.747913,59.857975,2.1100616
PEHN1aqxst83Z9A4dsV9vlx4izfDR4pcnR-j3mGZQFY,f7c570fa0768b93be9c262697bf3448f,163.5,0,85.69306,96.09611,10.403046,68.22838,82.87903,14.65065,87.350784,97.92314,10.572357,47.892033,51.77729,3.8852577,34.470863,35.664444,1.1935806,22.290216,22.580704,0.2904873,47.56544,46.401985,1.163456,23.442404,24.713985,1.2715816,14.4994545,15.532826,1.0333719,26.000399,28.752087,2.751688,32.316536,33.39409,1.0775528,75.18097,73.51792,1.6630478,57.747913,59.862858,2.1149445
PEHN1aqxst83Z9A4dsV9vlx4izfDR4pcnR-j3mGZQFY,bc2fc26449ab31511c4af35295ec17fa,163.5,0,85.69306,96.09611,10.403046,68.22838,82.87249,14.644112,87.350784,97.920685,10.5699005,47.892033,51.779953,3.8879204,34.470863,35.667538,1.1966743,22.290216,22.579784,0.28956795,47.56544,46.39884,1.1665993,23.442404,24.712633,1.2702293,14.4994545,15.532826,1.0333719,26.000399,28.751091,2.7506924,32.316536,33.392746,1.07621,75.18097,73.51547,1.6654968,57.747913,59.857975,2.1100616
PEHN1aqxst83Z9A4dsV9vlx4izfDR4pcnR-j3mGZQFY,d317adc944ee941d49c7b4e32fe157ac,163.5,0,85.69306,96.090485,10.397423,68.22838,82.885574,14.657196,87.350784,97.91577,10.564987,47.892033,51.78262,3.8905869,34.470863,35.665993,1.1951294,22.290216,22.582542,0.29232597,47.56544,46.40356,1.1618805,23.442404,24.713985,1.2715816,14.4994545,15.533562,1.0341072,26.000399,28.754076,2.7536774,32.316536,33.39409,1.0775528,75.18097,73.52525,1.655716,57.747913,59.867744,2.119831
l6-GeBGVeOEiQXIVpFg1JdGUeQFiZmjSiDr0ThLKCFQ,7802c62ae2fbbf9e5fe2c1f7d0da9a8e,160.5,0,91.11739,95.30363,4.1862335,81.0344,82.21173,1.17733,97.43857,97.557076,0.118507385,53.161903,51.56675,1.5951538,34.511166,35.463413,0.9522476,22.231733,22.36566,0.13392639,46.277184,45.947624,0.32955933,24.43178,24.476007,0.0442276,15.692393,15.407246,0.28514767,29.952925,28.472572,1.4803524,31.40343,33.060226,1.6567955,75.72054,72.84058,2.879959,57.458477,59.174072,1.7155952
l6-GeBGVeOEiQXIVpFg1JdGUeQFiZmjSiDr0ThLKCFQ,d7e2e5b963f0952c90ec2805d4023429,160.5,0,91.11739,95.298004,4.1806107,81.0344,82.205185,1.170784,97.43857,97.55216,0.113594055,53.161903,51.56275,1.5991516,34.511166,35.461864,0.95069885,22.231733,22.363821,0.13208771,46.277184,45.947624,0.32955933,24.43178,24.47195,0.04017067,15.692393,15.406511,0.285882,29.952925,28.470583,1.4823418,31.40343,33.057545,1.6541138,75.72054,72.84058,2.879959,57.458477,59.16919,1.7107124
l6-GeBGVeOEiQXIVpFg1JdGUeQFiZmjSiDr0ThLKCFQ,6e2e12eaee7fdfab59140a72d059d1dc,160.5,0,91.11739,95.30363,4.1862335,81.0344,82.205185,1.170784,97.43857,97.56199,0.123420715,53.161903,51.56009,1.6018143,34.511166,35.461864,0.95069885,22.231733,22.361982,0.13024902,46.277184,45.94448,0.33270264,24.43178,24.47195,0.04017067,15.692393,15.406511,0.285882,29.952925,28.470583,1.4823418,31.40343,33.057545,1.6541138,75.72054,72.8308,2.88974,57.458477,59.159416,1.7009392
l6-GeBGVeOEiQXIVpFg1JdGUeQFiZmjSiDr0ThLKCFQ,f289af940056c076e7661b90cdbf5bf2,160.5,0,91.11739,95.29239,4.1749954,81.0344,82.19865,1.1642456,97.43857,97.557076,0.118507385,53.161903,51.56808,1.5938225,34.511166,35.458775,0.94760895,22.231733,22.363821,0.13208771,46.277184,45.941338,0.33584595,24.43178,24.470598,0.03881836,15.692393,15.405043,0.28735065,29.952925,28.470583,1.4823418,31.40343,33.057545,1.6541138,75.72054,72.83569,2.8848495,57.458477,59.159416,1.7009392
l6-GeBGVeOEiQXIVpFg1JdGUeQFiZmjSiDr0ThLKCFQ,435d224b3b8118a15bc2ca9b81080867,160.5,0,91.11739,95.30363,4.1862335,81.0344,82.21173,1.17733,97.43857,97.56199,0.123420715,53.161903,51.56542,1.5964851,34.511166,35.463413,0.9522476,22.231733,22.36474,0.13300705,46.277184,45.947624,0.32955933,24.43178,24.47736,0.04557991,15.692393,15.406511,0.285882,29.952925,28.474562,1.478363,31.40343,33.060226,1.6567955,75.72054,72.845474,2.8750687,57.458477,59.16919,1.7107124
XgcPgqthLt1PRFuXfxp0O7nZeHNQffA4Ma-2ByOeckM,8a594928563f5494147f8dbe5f696e3e,153.2,0,88.01105,93.965965,5.954918,74.60954,81.22386,6.614319,93.848465,97.01166,3.1631927,50.701183,51.244278,0.54309464,35.819714,35.135574,0.68413925,22.499123,22.032063,0.4670601,44.75978,45.21499,0.45520782,24.267906,24.121744,0.14616203,16.026293,15.222914,0.80337906,27.446997,28.011024,0.5640278,31.848738,32.537308,0.68857,70.04314,71.78424,1.7411041,57.82537,58.109142,0.2837715
aJzcJm15vAVWTYJqf9xuaqZRu-31GQoQ25Q6Zt4Ms8A,d9473a7602ffbd19e1df02ab22e02254,161.0,1,89.02672,97.341034,8.314316,74.74718,84.036995,9.289818,86.84836,98.24499,11.396629,46.63239,52.04646,5.41407,34.044178,35.980686,1.9365082,23.483238,22.9143,0.5689373,46.59587,47.06545,0.4695778,23.30241,25.052023,1.7496128,15.2740135,15.730378,0.45636463,25.339035,29.17285,3.8338146,33.927784,33.94114,0.013355255,74.64728,74.43489,0.21238708,59.36428,60.87894,1.5146599
z4s4b8bsC7hQF46iowvWZErMqEkCg5FbcD3UBMBDuAg,6e032b7b346a9742d0d23bd76ae4d570,152.5,0,79.58964,93.870415,14.280777,69.15974,81.15844,11.998703,85.5969,96.98217,11.385269,44.427444,51.228287,6.8008423,29.18026,35.113922,5.9336624,21.24255,22.010006,0.76745605,42.923607,45.16782,2.244213,21.97784,24.097406,2.119566,13.957662,15.2111635,1.2535019,24.327211,27.979195,3.6519833,30.079819,32.50513,2.425312,71.86966,71.715775,0.15388489,54.17821,58.040752,3.8625412
Cs-o0pke1roKv1voqw9fRI46nKhiUxqh2Ai_HQPSc0w,9fe95a06817815181380b7c8723a3b19,172.0,1,93.68093,101.88937,8.208443,78.5648,88.59853,10.033737,91.93972,100.69569,8.755966,46.035545,53.48226,7.4467163,34.966526,37.273872,2.3073463,22.621939,24.26399,1.6420517,50.14398,49.814808,0.32917023,26.218576,26.579205,0.36062813,15.050462,16.56988,1.5194178,27.49536,30.771353,3.2759933,34.900066,36.048897,1.1488304,78.54446,78.61351,0.06905365,65.28545,65.18049,0.10496521
Cs-o0pke1roKv1voqw9fRI46nKhiUxqh2Ai_HQPSc0w,dd6e919b213c429626b47fe376123045,172.0,1,93.68093,101.89113,8.210197,78.5648,88.60181,10.03701,91.93972,100.69814,8.758423,46.035545,53.481594,7.4460487,34.966526,37.274162,2.3076363,22.621939,24.26445,1.6425114,50.14398,49.81697,0.3270073,26.218576,26.579964,0.36138725,15.050462,16.57043,1.519969,27.49536,30.77272,3.277361,34.900066,36.048897,1.1488304,78.54446,78.61549,0.07103729,65.28545,65.18247,0.10298157
Cs-o0pke1roKv1voqw9fRI46nKhiUxqh2Ai_HQPSc0w,e003d8278a09efa6a875290c9976a06b,172.0,1,93.68093,101.887085,8.206154,78.5648,88.59772,10.032921,91.93972,100.69077,8.751053,46.035545,53.481594,7.4460487,34.966526,37.273388,2.3068619,22.621939,24.26313,1.6411915,50.14398,49.814022,0.32995605,26.218576,26.578772,0.36019516,15.050462,16.569328,1.5188665,27.49536,30.771725,3.2763653,34.900066,36.047894,1.1478271,78.54446,78.61167,0.067214966,65.28545,65.18049,0.10496521
Cs-o0pke1roKv1voqw9fRI46nKhiUxqh2Ai_HQPSc0w,742136b3a4c3b9e9726038c3fd19c788,172.0,1,93.68093,101.8827,8.201767,78.5648,88.59526,10.030464,91.93972,100.689545,8.749825,46.035545,53.478264,7.4427185,34.966526,37.271843,2.305317,22.621939,24.262154,1.6402149,50.14398,49.813038,0.33094025,26.218576,26.57639,0.35781288,15.050462,16.569145,1.5186834,27.49536,30.77011,3.2747498,34.900066,36.046215,1.1461487,78.54446,78.60862,0.06416321,65.28545,65.174995,0.110458374
Cs-o0pke1roKv1voqw9fRI46nKhiUxqh2Ai_HQPSc0w,0023f967e5089c95ae22c43e25b2cef1,172.0,1,93.68093,101.86777,8.186836,78.5648,88.576454,10.011658,91.93972,100.67112,8.7314,46.035545,53.4716,7.436054,34.966526,37.266525,2.2999992,22.621939,24.260086,1.6381474,50.14398,49.808914,0.33506393,26.218576,26.565392,0.3468151,15.050462,16.564922,1.5144606,27.49536,30.76352,3.2681599,34.900066,36.03683,1.1367645,78.54446,78.59869,0.054229736,65.28545,65.166145,0.11930847
Cs-o0pke1roKv1voqw9fRI46nKhiUxqh2Ai_HQPSc0w,63e4c6fa3ac79ec9ea25a73797afed16,172.0,1,93.68093,101.84353,8.162598,78.5648,88.55192,9.987122,91.93972,100.66375,8.72403,46.035545,53.45961,7.4240646,34.966526,37.258793,2.2922668,22.621939,24.252876,1.6309376,50.14398,49.79653,0.34744644,26.218576,26.556011,0.33743477,15.050462,16.560791,1.5103292,27.49536,30.755064,3.2597046,34.900066,36.027447,1.1273804,78.54446,78.57591,0.031455994,65.28545,65.141716,0.1437378
Cs-o0pke1roKv1voqw9fRI46nKhiUxqh2Ai_HQPSc0w,945b84d5d1fff6beeabad254b5978f6b,172.0,1,93.68093,101.87602,8.195091,78.5648,88.58708,10.022285,91.93972,100.682175,8.742455,46.035545,53.474934,7.4393883,34.966526,37.270004,2.3034782,22.621939,24.261034,1.6390953,50.14398,49.810287,0.33369064,26.218576,26.570007,0.3514309,15.050462,16.567217,1.5167551,27.49536,30.766626,3.271267,34.900066,36.04035,1.1402855,78.54446,78.598076,0.053619385,65.28545,65.1663,0.119155884
Cs-o0pke1roKv1voqw9fRI46nKhiUxqh2Ai_HQPSc0w,6c5a34ce442eb25655dac7e7e7607231,172.0,1,93.68093,101.86531,8.18438,78.5648,88.57073,10.005936,91.93972,100.67603,8.736313,46.035545,53.47027,7.434723,34.966526,37.266235,2.2997093,22.621939,24.25727,1.6353321,50.14398,49.80518,0.33879852,26.218576,26.566048,0.34747124,15.050462,16.565197,1.5147352,27.49536,30.762897,3.267538,34.900066,36.03616,1.1360931,78.54446,78.58997,0.045516968,65.28545,65.15683,0.12862396
Cs-o0pke1roKv1voqw9fRI46nKhiUxqh2Ai_HQPSc0w,55d766eb558fe1589d5f4e834056bd11,172.0,1,93.68093,101.89025,8.20932,78.5648,88.59363,10.0288315,91.93972,100.69323,8.7535095,46.035545,53.481594,7.4460487,34.966526,37.275127,2.3086014,22.621939,24.263533,1.6415939,50.14398,49.813828,0.3301506,26.218576,26.576677,0.3581009,15.050462,16.570889,1.5204268,27.49536,30.774212,3.2788525,34.900066,36.04655,1.1464844,78.54446,78.60801,0.06355286,65.28545,65.17698,0.10847473
Cs-o0pke1roKv1voqw9fRI46nKhiUxqh2Ai_HQPSc0w,03e5aed6f09cf36a6b9e72d141322023,172.0,1,93.68093,101.89991,8.218979,78.5648,88.614075,10.049278,91.93972,100.7092,8.769478,46.035545,53.490257,7.454712,34.966526,37.278027,2.3115005,22.621939,24.26534,1.6434021,50.14398,49.818737,0.3252411,26.218576,26.584118,0.36554146,15.050462,16.573185,1.5227232,27.49536,30.7813,3.2859402,34.900066,36.053593,1.1535263,78.54446,78.62069,0.07623291,65.28545,65.18919,0.09626007
ab7bRafyY04i5PWb5TQgQVwYse8vy_gLByZw3b5_FYk,b7df00f7b4e66fd6eb98baf80661f5fb,174.0,1,103.71659,102.78548,0.9311142,86.10771,89.53243,3.4247208,96.63869,101.20794,4.569252,50.95995,53.772087,2.8121376,36.093613,37.54072,1.4471092,25.743143,24.530586,1.2125568,51.525906,50.356426,1.1694794,27.3686,26.881308,0.48729324,18.334272,16.74051,1.5937614,30.13201,31.07648,0.94447136,36.560486,36.46522,0.095264435,79.00805,79.424416,0.41636658,67.23477,66.02224,1.212532
sorxnN9FtKKvZrZlIhYfhuPZY_CS5YNxCbNyso5F0Qo,7d6d6e03fff29f8a12efc6133a5813ac,185.5,1,100.27392,106.74964,6.4757233,80.60823,93.88953,13.281296,102.632195,103.734184,1.1019897,57.765858,55.165245,2.6006126,36.020157,38.757263,2.7371063,24.518616,25.768705,1.2500896,55.424686,52.794495,2.6301918,28.706572,28.28771,0.4188614,17.075071,17.53845,0.4633789,33.541218,32.416607,1.1246109,38.255116,38.368504,0.11338806,86.004875,83.12774,2.8771362,69.19225,69.911316,0.7190628
sorxnN9FtKKvZrZlIhYfhuPZY_CS5YNxCbNyso5F0Qo,372e89e8ad1ecf4448536af30be86882,185.5,1,100.27392,106.73278,6.4588623,80.60823,93.869896,13.261665,102.632195,103.7176,1.0854034,57.765858,55.15925,2.6066093,36.020157,38.752625,2.7324677,24.518616,25.76503,1.2464142,55.424686,52.788204,2.6364822,28.706572,28.279598,0.42697334,17.075071,17.534779,0.45970726,33.541218,32.410637,1.1305809,38.255116,38.3618,0.10668564,86.004875,83.11552,2.8893585,69.19225,69.89666,0.70440674
UbhnstuOupSLqT1wAnBu3Ffc5cqLOsYBH9aZPeibkUw,779f7ddb337129c725752b914d1a402b,157.8,0,89.68176,94.71348,5.0317154,80.06259,81.74724,1.6846466,102.44335,97.296646,5.1467056,50.11437,51.40951,1.2951431,35.212227,35.31341,0.101184845,20.991728,22.210348,1.2186203,45.76441,45.62061,0.14379883,23.75761,24.305637,0.54802704,14.069937,15.3191185,1.2491817,27.777615,28.263683,0.48606873,32.579365,32.82156,0.24219513,73.64185,72.35643,1.2854233,58.711666,58.675804,0.03586197
UbhnstuOupSLqT1wAnBu3Ffc5cqLOsYBH9aZPeibkUw,b4e32140f6311735d3dd852848e1ba4b,157.8,0,89.68176,94.71348,5.0317154,80.06259,81.75378,1.691185,102.44335,97.30156,5.1417923,50.11437,51.41484,1.3004723,35.212227,35.314957,0.1027298,20.991728,22.214024,1.2222958,45.76441,45.623756,0.1406517,23.75761,24.311047,0.5534363,14.069937,15.321322,1.2513857,27.777615,28.267662,0.49004745,32.579365,32.826923,0.2475586,73.64185,72.36621,1.2756424,58.711666,58.690456,0.021209717
UbhnstuOupSLqT1wAnBu3Ffc5cqLOsYBH9aZPeibkUw,e48e1d11e6c7833af60a932c3c63f96a,157.8,0,89.68176,94.71348,5.0317154,80.06259,81.75378,1.691185,102.44335,97.30156,5.1417923,50.11437,51.412178,1.2978096,35.212227,35.314957,0.1027298,20.991728,22.214024,1.2222958,45.76441,45.62061,0.14379883,23.75761,24.311047,0.5534363,14.069937,15.321322,1.2513857,27.777615,28.267662,0.49004745,32.579365,32.826923,0.2475586,73.64185,72.36621,1.2756424,58.711666,58.690456,0.021209717
UbhnstuOupSLqT1wAnBu3Ffc5cqLOsYBH9aZPeibkUw,52eaf129529e70f8eaa8279f89276d5a,157.8,0,89.68176,94.71348,5.0317154,80.06259,81.74724,1.6846466,102.44335,97.30156,5.1417923,50.11437,51.412178,1.2978096,35.212227,35.314957,0.1027298,20.991728,22.212187,1.220459,45.76441,45.62061,0.14379883,23.75761,24.30699,0.54937935,14.069937,15.319853,1.2499161,27.777615,28.263683,0.48606873,32.579365,32.82424,0.24487686,73.64185,72.35643,1.2854233,58.711666,58.680687,0.030979156
UbhnstuOupSLqT1wAnBu3Ffc5cqLOsYBH9aZPeibkUw,b91ed5381bc9d7622febc8733e04e692,157.8,0,89.68176,94.71348,5.0317154,80.06259,81.75378,1.691185,102.44335,97.30156,5.1417923,50.11437,51.412178,1.2978096,35.212227,35.3165,0.10427475,20.991728,22.212187,1.220459,45.76441,45.62061,0.14379883,23.75761,24.308342,0.55073166,14.069937,15.319853,1.2499161,27.777615,28.267662,0.49004745,32.579365,32.82156,0.24219513,73.64185,72.35643,1.2854233,58.711666,58.680687,0.030979156
UbhnstuOupSLqT1wAnBu3Ffc5cqLOsYBH9aZPeibkUw,5b44e4a81585ce176c35a254934d5160,157.8,0,89.68176,94.70786,5.0261,80.06259,81.74724,1.6846466,102.44335,97.30156,5.1417923,50.11437,51.412178,1.2978096,35.212227,35.3165,0.10427475,20.991728,22.212187,1.220459,45.76441,45.617466,0.14694214,23.75761,24.309692,0.55208206,14.069937,15.320587,1.2506504,27.777615,28.26567,0.48805618,32.579365,32.82156,0.24219513,73.64185,72.36132,1.2805328,58.711666,58.685574,0.02609253
UbhnstuOupSLqT1wAnBu3Ffc5cqLOsYBH9aZPeibkUw,15759d28744594fbfe2ee4458d4b84e5,157.8,0,89.68176,94.70786,5.0261,80.06259,81.74724,1.6846466,102.44335,97.30156,5.1417923,50.11437,51.41484,1.3004723,35.212227,35.3165,0.10427475,20.991728,22.214024,1.2222958,45.76441,45.617466,0.14694214,23.75761,24.309692,0.55208206,14.069937,15.320587,1.2506504,27.777615,28.26567,0.48805618,32.579365,32.82156,0.24219513,73.64185,72.36132,1.2805328,58.711666,58.685574,0.02609253
UbhnstuOupSLqT1wAnBu3Ffc5cqLOsYBH9aZPeibkUw,2ec1ea2b6f045cea85606b629d3b0837,157.8,0,89.68176,94.71348,5.0317154,80.06259,81.74724,1.6846466,102.44335,97.296646,5.1467056,50.11437,51.412178,1.2978096,35.212227,35.314957,0.1027298,20.991728,22.214024,1.2222958,45.76441,45.6269,0.13750839,23.75761,24.309692,0.55208206,14.069937,15.320587,1.2506504,27.777615,28.263683,0.48606873,32.579365,32.82424,0.24487686,73.64185,72.36621,1.2756424,58.711666,58.695343,0.01632309
UbhnstuOupSLqT1wAnBu3Ffc5cqLOsYBH9aZPeibkUw,a0584c86bf4e3b3b674e2491cf1bbe44,157.8,0,89.68176,94.70786,5.0261,80.06259,81.75378,1.691185,102.44335,97.296646,5.1467056,50.11437,51.417507,1.3031387,35.212227,35.3165,0.10427475,20.991728,22.214024,1.2222958,45.76441,45.617466,0.14694214,23.75761,24.311047,0.5534363,14.069937,15.319853,1.2499161,27.777615,28.26567,0.48805618,32.579365,32.82156,0.24219513,73.64185,72.36132,1.2805328,58.711666,58.685574,0.02609253
UbhnstuOupSLqT1wAnBu3Ffc5cqLOsYBH9aZPeibkUw,52f46c40a7247e3430fd30544b7391fa,157.8,0,89.68176,94.71348,5.0317154,80.06259,81.74724,1.6846466,102.44335,97.30156,5.1417923,50.11437,51.406845,1.2924767,35.212227,35.31341,0.101184845,20.991728,22.210348,1.2186203,45.76441,45.62061,0.14379883,23.75761,24.305637,0.54802704,14.069937,15.3191185,1.2491817,27.777615,28.261692,0.48407745,32.579365,32.82156,0.24219513,73.64185,72.35643,1.2854233,58.711666,58.675804,0.03586197
a6C0JXb3FwINuo4m9L-eq9Nql4ky28br0h7l3MZd12s,928a4c0ee8e2215aebbf7476fada972b,161.0,0,92.709274,95.4329,2.7236252,85.13059,82.31641,2.814186,94.61669,97.616035,2.9993439,48.949642,51.600063,2.6504211,35.7099,35.495888,0.21401215,22.78429,22.399662,0.3846283,46.132504,46.0168,0.11570358,24.572222,24.516571,0.05565071,15.382049,15.427074,0.045025826,27.138962,28.51833,1.3793678,32.352463,33.1152,0.7627373,72.3738,72.953064,0.5792618,59.118603,59.286427,0.16782379
a6C0JXb3FwINuo4m9L-eq9Nql4ky28br0h7l3MZd12s,40906cf512f24917ced9d7497f53f982,161.0,0,92.709274,95.42165,2.7123795,85.13059,82.30986,2.820732,94.61669,97.60621,2.9895172,48.949642,51.594734,2.645092,35.7099,35.492794,0.21710587,22.78429,22.396904,0.38738632,46.132504,46.0168,0.11570358,24.572222,24.509811,0.062410355,15.382049,15.42634,0.044291496,27.138962,28.51236,1.3733978,32.352463,33.109837,0.7573738,72.3738,72.94328,0.5694809,59.118603,59.276657,0.15805435
groYznJWvyAz-DVhjBx0e_GsqOjzWjWwfQLkrVaAbjI,4d03a0e74d8855167f68be9f6c663e74,168.0,1,101.32347,100.1372,1.1862717,85.12017,86.7749,1.6547318,97.75373,99.70681,1.9530792,50.605133,52.916603,2.31147,36.27722,36.76124,0.48401642,23.543074,23.734505,0.19143105,47.617977,48.742184,1.1242065,25.644102,25.977905,0.33380318,15.60021,16.237108,0.63689804,28.674368,30.16408,1.4897118,36.993114,35.21927,1.7738457,74.05853,76.982834,2.9243011,67.00774,63.498524,3.5092125
groYznJWvyAz-DVhjBx0e_GsqOjzWjWwfQLkrVaAbjI,4b8267de7481640f64feb00a3a9279f5,168.0,1,101.32347,100.1372,1.1862717,85.12017,86.778175,1.6580048,97.75373,99.70681,1.9530792,50.605133,52.91527,2.3101387,36.27722,36.761623,0.4844017,23.543074,23.734964,0.19189072,47.617977,48.743755,1.1257782,25.644102,25.97858,0.33447838,15.60021,16.237843,0.63763237,28.674368,30.164577,1.4902096,36.993114,35.220947,1.7721672,74.05853,76.98528,2.9267502,67.00774,63.499744,3.5079918
groYznJWvyAz-DVhjBx0e_GsqOjzWjWwfQLkrVaAbjI,012a5c6ed67366227e94b1feacb459c6,168.0,1,101.32347,100.127365,1.196106,85.12017,86.76836,1.6481857,97.75373,99.7019,1.9481659,50.605133,52.908607,2.3034744,36.27722,36.758915,0.48169327,23.543074,23.732668,0.18959427,47.617977,48.73747,1.1194916,25.644102,25.974863,0.33076096,15.60021,16.23564,0.6354294,28.674368,30.157864,1.4834957,36.993114,35.21592,1.777195,74.05853,76.9755,2.9169693,67.00774,63.489975,3.5177612
groYznJWvyAz-DVhjBx0e_GsqOjzWjWwfQLkrVaAbjI,9afd62ab814918c121115177e175c543,168.0,1,101.32347,100.12174,1.2017288,85.12017,86.75527,1.6351013,97.75373,99.7019,1.9481659,50.605133,52.901943,2.2968102,36.27722,36.754276,0.4770546,23.543074,23.72899,0.1859169,47.617977,48.73275,1.1147728,25.644102,25.969791,0.32568932,15.60021,16.233803,0.6335926,28.674368,30.15463,1.4802628,36.993114,35.211895,1.7812195,74.05853,76.96572,2.9071884,67.00774,63.480206,3.5275307
groYznJWvyAz-DVhjBx0e_GsqOjzWjWwfQLkrVaAbjI,3c99def93c97fd08778d6dd747423863,168.0,1,101.32347,100.118935,1.2045364,85.12017,86.76509,1.6449203,97.75373,99.69453,1.9407959,50.605133,52.907276,2.302143,36.27722,36.75853,0.48130798,23.543074,23.731749,0.18867493,47.617977,48.735897,1.1179199,25.644102,25.97351,0.32940865,15.60021,16.23417,0.6339607,28.674368,30.157864,1.4834957,36.993114,35.213573,1.779541,74.05853,76.97183,2.9132996,67.00774,63.487534,3.5202026
groYznJWvyAz-DVhjBx0e_GsqOjzWjWwfQLkrVaAbjI,8fe331940a5548f1f67aae2071fc14ba,168.0,1,101.32347,100.097855,1.2256165,85.12017,86.74873,1.6285629,97.75373,99.6847,1.9309692,50.605133,52.89395,2.2888184,36.27722,36.750797,0.4735756,23.543074,23.723936,0.18086243,47.617977,48.72489,1.1069145,25.644102,25.964722,0.32061958,15.60021,16.231234,0.6310234,28.674368,30.148413,1.4740448,36.993114,35.206196,1.7869186,74.05853,76.94982,2.8912888,67.00774,63.461887,3.5458488
groYznJWvyAz-DVhjBx0e_GsqOjzWjWwfQLkrVaAbjI,318144232c71d072b8ec4fa6fac3beec,168.0,1,101.32347,100.135796,1.1876755,85.12017,86.77163,1.6514587,97.75373,99.70681,1.9530792,50.605133,52.90794,2.3028069,36.27722,36.75853,0.48130798,23.543074,23.733128,0.19005394,47.617977,48.740612,1.1226349,25.644102,25.973848,0.32974625,15.60021,16.23564,0.6354294,28.674368,30.159853,1.4854851,36.993114,35.215584,1.7775307,74.05853,76.97672,2.91819,67.00774,63.493637,3.5140991
groYznJWvyAz-DVhjBx0e_GsqOjzWjWwfQLkrVaAbjI,83349eaba422ec5500ef406e917ea49a,168.0,1,101.32347,100.144226,1.179245,85.12017,86.79126,1.6710892,97.75373,99.71418,1.9604492,50.605133,52.921265,2.3161316,36.27722,36.764717,0.48749542,23.543074,23.737722,0.19464874,47.617977,48.746117,1.1281395,25.644102,25.985004,0.34090233,15.60021,16.238945,0.6387348,28.674368,30.169054,1.4946861,36.993114,35.224632,1.7684822,74.05853,76.993835,2.9353027,67.00774,63.508293,3.499443
groYznJWvyAz-DVhjBx0e_GsqOjzWjWwfQLkrVaAbjI,f58914897f7386a536d972c29efa4ad7,168.0,1,101.32347,100.14001,1.183464,85.12017,86.794525,1.6743546,97.75373,99.71172,1.9579926,50.605133,52.919266,2.3141327,36.27722,36.765877,0.4886551,23.543074,23.737263,0.19418907,47.617977,48.744545,1.1265678,25.644102,25.985342,0.34123993,15.60021,16.237843,0.63763237,28.674368,30.167065,1.4926968,36.993114,35.224968,1.7681465,74.05853,76.992615,2.934082,67.00774,63.507072,3.5006638
groYznJWvyAz-DVhjBx0e_GsqOjzWjWwfQLkrVaAbjI,e2800ca4a2470ae95ec968a0fb645307,168.0,1,101.32347,100.1386,1.1848679,85.12017,86.778175,1.6580048,97.75373,99.70927,1.9555359,50.605133,52.911938,2.3068047,36.27722,36.76124,0.48401642,23.543074,23.734964,0.19189072,47.617977,48.742184,1.1242065,25.644102,25.979595,0.3354931,15.60021,16.237108,0.63689804,28.674368,30.16408,1.4897118,36.993114,35.220276,1.7728386,74.05853,76.9865,2.927971,67.00774,63.500965,3.506771
VCZBbYfbLtmQWeydeVulgudrHg83qDlmEdDkDmpXXoc,7102ff187f7919a6e5b382277e3dfa96,170.0,1,98.0355,101.0175,2.9820023,85.3883,87.684265,2.295967,97.32343,100.20063,2.8771973,54.78638,53.195766,1.5906143,37.4217,37.019875,0.40182495,23.284323,23.994581,0.7102585,51.141144,49.274174,1.8669701,27.951998,26.274363,1.6776352,17.057713,16.400877,0.65683556,32.566208,30.474243,2.0919647,35.915356,35.631737,0.28361893,79.64611,77.78793,1.8581772,65.44739,64.32348,1.123909
XDlLYeoupIRBh03sGL43Yc5pEgEXmwIRT9kSIddJTFA,776a15389a4e98ae9988cfa66eab78d9,174.5,1,95.04808,102.96849,7.92041,76.799446,89.744644,12.945198,92.95321,101.32218,8.368973,47.266693,53.841377,6.574684,36.872936,37.597652,0.7247162,23.432903,24.59239,1.1594868,49.05243,50.47552,1.4230919,25.443502,26.951113,1.5076103,15.815855,16.779089,0.96323395,28.159285,31.14437,2.9850845,34.950653,36.560417,1.6097641,79.69732,79.61147,0.08584595,65.21873,66.21825,0.99951935
vTYEdUF_1GnwMHC1j4X8J8i3IhfRvoxxQGvNTA4S3W8,c822fa7697c318437c2d87379f3cebcb,165.0,1,93.65261,98.86979,5.2171783,79.97473,85.50245,5.5277176,89.455,99.02626,9.571259,45.061806,52.512848,7.451042,29.221954,36.39899,7.1770363,20.850843,23.357716,2.5068722,50.779823,47.97417,2.8056526,23.87243,25.552317,1.6798859,14.942003,16.001736,1.0597324,26.26259,29.71447,3.4518795,34.48406,34.63166,0.14760208,79.20996,75.81645,3.393509,60.7957,62.29559,1.4998894
2MFLnQLsH4_g6M6jy-uwBj_Al558-7axwV6hulPAESc,75e49d683c180d445590224e11a9216c,173.2,1,100.32932,102.43121,2.1018906,84.38748,89.17261,4.7851257,97.62067,101.01262,3.3919525,52.72735,53.65782,0.9304733,36.957344,37.436752,0.47940826,23.708973,24.421915,0.7129421,51.29008,50.141823,1.1482582,26.829697,26.762657,0.06703949,17.147137,16.672924,0.47421265,31.425062,30.960348,0.46471405,37.425694,36.301308,1.1243858,79.26004,79.10103,0.15901184,65.86342,65.68456,0.1788559
eaJoNIErQRATPzMdDYaFMDm48na6oTqp46Z2a_Ttfnk,c957d187d3fe3c89c23178e464d92269,155.8,0,90.13694,94.34815,4.211212,77.85032,81.479004,3.628685,95.05551,97.159065,2.1035538,51.060307,51.32956,0.26925278,33.28812,35.22836,1.940239,22.523722,22.123962,0.3997593,45.148087,45.419373,0.271286,22.94973,24.215042,1.2653122,15.591852,15.271383,0.3204689,25.528414,28.138348,2.6099339,32.602077,32.682117,0.08003998,70.76022,72.07278,1.3125534,58.931744,58.397358,0.5343857
EdIZ4UZyPF9NeVOxjGlJKATWntX22ts3CfBx99chEmw,6a1ee7ade67a3dc0da5c94911fa02db1,158.5,0,94.46862,94.85961,0.3909912,82.65696,81.85845,0.7985077,91.27166,97.35561,6.083954,47.63259,51.449486,3.8168945,36.372517,35.35207,1.0204468,21.911123,22.250784,0.33966064,45.11967,45.69922,0.5795479,23.758213,24.35161,0.59339714,15.36611,15.341885,0.024225235,27.643646,28.315407,0.67176056,32.604713,32.880558,0.27584457,73.02096,72.47869,0.54226685,59.185417,58.812584,0.37283325
EdIZ4UZyPF9NeVOxjGlJKATWntX22ts3CfBx99chEmw,da23463b94393e366d425834de8b9899,158.5,0,94.46862,94.85399,0.38536835,82.65696,81.85845,0.7985077,91.27166,97.36053,6.088867,47.63259,51.452152,3.819561,36.372517,35.350525,1.0219917,21.911123,22.250784,0.33966064,45.11967,45.69922,0.5795479,23.758213,24.350258,0.59204483,15.36611,15.34115,0.024959564,27.643646,28.317396,0.6737499,32.604713,32.880558,0.27584457,73.02096,72.47869,0.54226685,59.185417,58.807697,0.37771988
XI1sGfmvQgCa3yNalqQWwxatqzp90nppgjh9rTRyVE4,765c150500c5b3a32b9973ba06c3fe83,164.0,0,87.90969,96.24224,8.33255,76.8722,83.00987,6.1376724,88.47539,97.984566,9.509178,48.32118,51.8146,3.4934235,33.38428,35.70465,2.3203697,21.27876,22.62114,1.3423786,46.752518,46.488457,0.26406097,22.792765,24.754549,1.9617844,14.663199,15.555593,0.8923931,25.13815,28.801823,3.6636734,31.995972,33.455765,1.4597931,74.73071,73.64507,1.08564,59.074547,59.987427,0.91287994
XI1sGfmvQgCa3yNalqQWwxatqzp90nppgjh9rTRyVE4,2a6884200b6da55fe397044eff83849a,164.0,0,87.90969,96.24224,8.33255,76.8722,83.003334,6.131134,88.47539,97.984566,9.509178,48.32118,51.817265,3.4960861,33.38428,35.70465,2.3203697,21.27876,22.62114,1.3423786,46.752518,46.488457,0.26406097,22.792765,24.753197,1.960432,14.663199,15.555593,0.8923931,25.13815,28.800827,3.6626778,31.995972,33.455765,1.4597931,74.73071,73.642624,1.088089,59.074547,59.987427,0.91287994
XI1sGfmvQgCa3yNalqQWwxatqzp90nppgjh9rTRyVE4,2391b1ee32555ca42fb4da1603b57fb4,164.0,0,87.90969,96.247856,8.338165,76.8722,83.003334,6.131134,88.47539,97.98702,9.511635,48.32118,51.81993,3.4987526,33.38428,35.70465,2.3203697,21.27876,22.622978,1.3442173,46.752518,46.49003,0.26248932,22.792765,24.757254,1.964489,14.663199,15.556328,0.8931284,25.13815,28.802816,3.6646671,31.995972,33.455765,1.4597931,74.73071,73.64996,1.0807495,59.074547,59.994755,0.920208
XI1sGfmvQgCa3yNalqQWwxatqzp90nppgjh9rTRyVE4,3e91ebb93527ec847260a449f5d415d8,164.0,0,87.90969,96.247856,8.338165,76.8722,83.003334,6.131134,88.47539,97.98702,9.511635,48.32118,51.81993,3.4987526,33.38428,35.70465,2.3203697,21.27876,22.622978,1.3442173,46.752518,46.49003,0.26248932,22.792765,24.757254,1.964489,14.663199,15.556328,0.8931284,25.13815,28.802816,3.6646671,31.995972,33.455765,1.4597931,74.73071,73.64996,1.0807495,59.074547,59.994755,0.920208
XI1sGfmvQgCa3yNalqQWwxatqzp90nppgjh9rTRyVE4,f303b72df81110b6c499c712ab9060e6,164.0,0,87.90969,96.24224,8.33255,76.8722,83.00987,6.1376724,88.47539,97.98702,9.511635,48.32118,51.81993,3.4987526,33.38428,35.703106,2.3188248,21.27876,22.622059,1.343298,46.752518,46.488457,0.26406097,22.792765,24.758606,1.9658413,14.663199,15.557062,0.8938627,25.13815,28.806795,3.6686459,31.995972,33.457108,1.4611359,74.73071,73.652405,1.0783081,59.074547,59.994755,0.920208
XI1sGfmvQgCa3yNalqQWwxatqzp90nppgjh9rTRyVE4,9da5dd7ffa5f736213a89f6e30f7e0db,164.0,0,87.90969,96.24224,8.33255,76.8722,83.00987,6.1376724,88.47539,97.991936,9.516548,48.32118,51.81993,3.4987526,33.38428,35.7062,2.3219185,21.27876,22.622059,1.343298,46.752518,46.486885,0.26563263,22.792765,24.758606,1.9658413,14.663199,15.5577965,0.89459705,25.13815,28.805801,3.6676521,31.995972,33.457108,1.4611359,74.73071,73.64996,1.0807495,59.074547,59.99231,0.91776276
XI1sGfmvQgCa3yNalqQWwxatqzp90nppgjh9rTRyVE4,048a44c1711a32f449ff93d0c8a542f3,164.0,0,87.90969,96.247856,8.338165,76.8722,83.00987,6.1376724,88.47539,97.99439,9.519005,48.32118,51.821262,3.500084,33.38428,35.70465,2.3203697,21.27876,22.622978,1.3442173,46.752518,46.488457,0.26406097,22.792765,24.76131,1.9685459,14.663199,15.558531,0.8953314,25.13815,28.806795,3.6686459,31.995972,33.458447,1.4624748,74.73071,73.652405,1.0783081,59.074547,59.999638,0.9250908
XI1sGfmvQgCa3yNalqQWwxatqzp90nppgjh9rTRyVE4,381cb9727f9421605f931e67ff96ae5c,164.0,0,87.90969,96.247856,8.338165,76.8722,83.003334,6.131134,88.47539,97.99439,9.519005,48.32118,51.821262,3.500084,33.38428,35.70465,2.3203697,21.27876,22.622978,1.3442173,46.752518,46.486885,0.26563263,22.792765,24.759958,1.9671936,14.663199,15.5577965,0.89459705,25.13815,28.804806,3.6666565,31.995972,33.457108,1.4611359,74.73071,73.652405,1.0783081,59.074547,59.997196,0.9226494
XI1sGfmvQgCa3yNalqQWwxatqzp90nppgjh9rTRyVE4,f609a24c4db776e0dd6e3d74e67c8de4,164.0,0,87.90969,96.202896,8.293205,76.8722,82.977165,6.104965,88.47539,97.97228,9.496895,48.32118,51.807938,3.4867592,33.38428,35.698467,2.314186,21.27876,22.618383,1.3396225,46.752518,46.466446,0.28607178,22.792765,24.745085,1.9523201,14.663199,15.551921,0.88872147,25.13815,28.78889,3.6507416,31.995972,33.441017,1.4450455,74.73071,73.61573,1.1149826,59.074547,59.967888,0.89334106
XI1sGfmvQgCa3yNalqQWwxatqzp90nppgjh9rTRyVE4,49d29ed1e94c2c77001845cf1e69f413,164.0,0,87.90969,96.24224,8.33255,76.8722,83.003334,6.131134,88.47539,97.98702,9.511635,48.32118,51.821262,3.500084,33.38428,35.70465,2.3203697,21.27876,22.622059,1.343298,46.752518,46.486885,0.26563263,22.792765,24.758606,1.9658413,14.663199,15.557062,0.8938627,25.13815,28.801823,3.6636734,31.995972,33.457108,1.4611359,74.73071,73.64996,1.0807495,59.074547,59.994755,0.920208
XI1sGfmvQgCa3yNalqQWwxatqzp90nppgjh9rTRyVE4,5484768fd40bbfec139e8b126d0d5aff,164.0,0,87.90969,96.247856,8.338165,76.8722,83.003334,6.131134,88.47539,97.991936,9.516548,48.32118,51.822598,3.501419,33.38428,35.70465,2.3203697,21.27876,22.622978,1.3442173,46.752518,46.486885,0.26563263,22.792765,24.758606,1.9658413,14.663199,15.557062,0.8938627,25.13815,28.803812,3.6656628,31.995972,33.457108,1.4611359,74.73071,73.652405,1.0783081,59.074547,59.997196,0.9226494
XI1sGfmvQgCa3yNalqQWwxatqzp90nppgjh9rTRyVE4,d5640b9c9737ad24d0842b39d82a015a,164.0,0,87.90969,96.247856,8.338165,76.8722,83.01642,6.1442184,88.47539,97.99439,9.519005,48.32118,51.821262,3.500084,33.38428,35.703106,2.3188248,21.27876,22.622059,1.343298,46.752518,46.49003,0.26248932,22.792765,24.758606,1.9658413,14.663199,15.5577965,0.89459705,25.13815,28.80779,3.6696415,31.995972,33.458447,1.4624748,74.73071,73.654854,1.0758591,59.074547,59.997196,0.9226494
XI1sGfmvQgCa3yNalqQWwxatqzp90nppgjh9rTRyVE4,a0715819a31116064a867f68efe0385f,164.0,0,87.90969,96.23662,8.326927,76.8722,82.99679,6.124588,88.47539,97.98211,9.5067215,48.32118,51.815933,3.4947548,33.38428,35.700012,2.315731,21.27876,22.62114,1.3423786,46.752518,46.486885,0.26563263,22.792765,24.755901,1.9631367,14.663199,15.556328,0.8931284,25.13815,28.800827,3.6626778,31.995972,33.457108,1.4611359,74.73071,73.647514,1.0831985,59.074547,59.994755,0.920208
XI1sGfmvQgCa3yNalqQWwxatqzp90nppgjh9rTRyVE4,4e68e343fcba61778bce65103f69af4a,164.0,0,87.90969,96.23662,8.326927,76.8722,83.003334,6.131134,88.47539,97.99439,9.519005,48.32118,51.815933,3.4947548,33.38428,35.70156,2.3172798,21.27876,22.618383,1.3396225,46.752518,46.480595,0.27192307,22.792765,24.755901,1.9631367,14.663199,15.556328,0.8931284,25.13815,28.802816,3.6646671,31.995972,33.451744,1.4557724,74.73071,73.63773,1.0929794,59.074547,59.9801,0.9055519
w-YeNUe-dKCz4cUR9xfHme26fV_mCW8c1dldhYJX7fg,3ee6cb77be275ce851d770b0ffbb9318,181.5,1,100.605644,105.62274,5.0170975,93.29222,92.636696,0.6555252,101.48737,102.96498,1.4776077,52.392097,54.764156,2.3720589,37.532543,38.407776,0.8752327,25.482464,25.413973,0.06849098,51.944847,52.1043,0.15945435,27.47666,27.882742,0.40608215,18.07301,17.306383,0.76662636,28.667856,32.038616,3.37076,37.177017,37.8295,0.6524811,82.745346,82.08362,0.6617279,68.12659,68.807304,0.68071747
w-YeNUe-dKCz4cUR9xfHme26fV_mCW8c1dldhYJX7fg,d13784a88d1ca69e52a5134b4bd57496,181.5,1,100.605644,105.62274,5.0170975,93.29222,92.63016,0.6620636,101.48737,102.96617,1.4787979,52.392097,54.75716,2.3650627,37.532543,38.405457,0.87291336,25.482464,25.409378,0.073085785,51.944847,52.099586,0.15473938,27.47666,27.878685,0.40202522,18.07301,17.304546,0.76846313,28.667856,32.038616,3.37076,37.177017,37.826817,0.64979935,82.745346,82.066505,0.67884064,68.12659,68.79265,0.6660614
XQQ7uvi1ayiZmZ-ZTGywFjff9JKwiM-S18uL_-Y1hbA,e2f10a3e8f3bf1e88a30eeeba28e4d1b,179.5,1,96.871956,104.948296,8.07634,86.7805,91.88598,5.1054764,102.13386,102.53525,0.40139008,56.187637,54.51064,1.6769981,38.703907,38.197464,0.506443,25.579508,25.198008,0.38150024,50.617542,51.687675,1.0701332,27.516348,27.63192,0.115571976,17.379166,17.166481,0.21268463,30.093746,31.814804,1.7210579,36.15337,37.50234,1.3489685,81.656296,81.43318,0.22311401,68.09412,68.1234,0.029281616
XQQ7uvi1ayiZmZ-ZTGywFjff9JKwiM-S18uL_-Y1hbA,1ae77723ea395f56a3fc75720114bcca,179.5,1,96.871956,104.9497,8.077744,86.7805,91.88762,5.1071167,102.13386,102.542,0.4081421,56.187637,54.519302,1.668335,38.703907,38.199013,0.50489426,25.579508,25.198008,0.38150024,50.617542,51.687675,1.0701332,27.516348,27.636652,0.12030411,17.379166,17.168316,0.21084976,30.093746,31.816795,1.7230492,36.15337,37.50502,1.3516502,81.656296,81.44541,0.2108841,68.09412,68.13317,0.03905487
HZfMQX6KnquJMJXRitVrl-Wcn840Pu-v-EPxoqxC6PQ,12773ca07118a458fb95fb259a6d229f,174.2,1,94.55587,102.85328,8.297409,81.12265,89.62075,8.4981,91.51567,101.2583,9.74263,48.696274,53.802402,5.1061287,34.980587,37.563824,2.5832367,23.805351,24.55448,0.74912834,52.12586,50.40202,1.7238388,24.229242,26.910042,2.6807995,16.754988,16.756552,0.0015640259,27.569603,31.105576,3.5359726,33.9058,36.504105,2.5983047,83.254105,79.50144,3.7526627,63.92706,66.103455,2.1763954
16g6TwQ2kASxk7A66mydC1_YTQ2uY_-eDhUVKIRiXgY,4a07eab6d9866e04633e6569845191de,164.0,1,95.91622,98.45669,2.5404663,85.20824,85.100105,0.10813141,94.12666,98.80269,4.6760254,49.330185,52.386257,3.0560722,34.16275,36.286102,2.123352,23.389723,23.238707,0.15101624,46.58535,47.72734,1.1419907,26.145758,25.41575,0.7300072,16.685118,15.92793,0.75718784,28.342672,29.567253,1.2245808,35.84999,34.442604,1.4073868,73.356384,75.44233,2.0859451,65.324715,61.914562,3.4101524
ztYNUlq8M2d58t-fX1vsG5-JWNdZgtlUwYSBhDuryf8,34c2325b70ff2bb8ee68314b034f6642,192.4,1,101.348206,107.972084,6.6238785,86.36736,95.29936,8.931999,97.52541,104.676994,7.151581,50.979385,55.645622,4.666237,38.50551,39.153145,0.6476364,25.591427,26.178577,0.5871506,57.44534,53.572723,3.8726158,27.04741,28.763666,1.7162571,17.008245,17.81091,0.8026638,30.275797,32.837368,2.5615711,38.449238,38.97589,0.5266533,90.53085,84.32346,6.20739,71.265015,71.1863,0.07871246
59bc276d681516389ccf481d,e6431f8b82ba52a3cd055d8f05634c16,164.1,0,88.128975,96.27034,8.141365,73.1032,83.0295,9.9263,95.50224,98.006676,2.5044327,51.562057,51.833256,0.27119827,36.074272,35.713932,0.36034012,22.288969,22.63033,0.3413601,47.779003,46.502605,1.2763977,24.73334,24.76672,0.03338051,15.814515,15.560734,0.25378132,27.102112,28.813759,1.711647,32.06942,33.46649,1.3970718,76.342224,73.67197,2.6702576,59.447033,60.014294,0.56726074
59bc276d681516389ccf481d,22fec655340842b3357fc486e2f11111,164.1,0,88.128975,96.27034,8.141365,73.1032,83.03604,9.932838,95.50224,97.99439,2.4921494,51.562057,51.81993,0.25787354,36.074272,35.70929,0.3649826,22.288969,22.63033,0.3413601,47.779003,46.508896,1.2701073,24.73334,24.762663,0.029323578,15.814515,15.561468,0.253047,27.102112,28.810774,1.708662,32.06942,33.467834,1.3984146,76.342224,73.669525,2.672699,59.447033,60.016735,0.56970215
59bc276d681516389ccf481d,df3fb06181f607692e1d7ffc712bee6c,164.1,0,88.128975,96.27596,8.146988,73.1032,83.03604,9.932838,95.50224,98.00176,2.4995193,51.562057,51.833256,0.27119827,36.074272,35.712383,0.3618889,22.288969,22.632168,0.34319878,47.779003,46.505753,1.2732506,24.73334,24.770775,0.03743553,15.814515,15.562202,0.25231266,27.102112,28.816742,1.7146301,32.06942,33.471855,1.4024353,76.342224,73.679306,2.662918,59.447033,60.026505,0.5794716
59bc276d681516389ccf481d,697e0e3d9feba0d12a53bb7e4ebc0f82,164.1,0,88.128975,96.26472,8.135742,73.1032,83.02296,9.919754,95.50224,97.99439,2.4921494,51.562057,51.827927,0.26586914,36.074272,35.712383,0.3618889,22.288969,22.628492,0.33952332,47.779003,46.499462,1.279541,24.73334,24.76672,0.03338051,15.814515,15.560734,0.25378132,27.102112,28.81177,1.7096577,32.06942,33.46649,1.3970718,76.342224,73.667076,2.675148,59.447033,60.014294,0.56726074
59bc276d681516389ccf481d,5d59d9a98a6b2887f526f706d80e2e78,164.1,0,88.128975,96.27034,8.141365,73.1032,83.0295,9.9263,95.50224,97.98948,2.487236,51.562057,51.82526,0.26320267,36.074272,35.712383,0.3618889,22.288969,22.63033,0.3413601,47.779003,46.50418,1.2748222,24.73334,24.764015,0.030675888,15.814515,15.560734,0.25378132,27.102112,28.808784,1.7066727,32.06942,33.465153,1.3957329,76.342224,73.669525,2.672699,59.447033,60.014294,0.56726074
59bc276d681516389ccf481d,2f7d1824f244a781767ab906eb7a57da,164.1,0,88.128975,96.2591,8.130127,73.1032,83.01642,9.913216,95.50224,97.984566,2.4823227,51.562057,51.82393,0.26187134,36.074272,35.712383,0.3618889,22.288969,22.627573,0.33860397,47.779003,46.49789,1.2811127,24.73334,24.76131,0.027971268,15.814515,15.559999,0.25451565,27.102112,28.80779,1.7056789,32.06942,33.46247,1.3930511,76.342224,73.662186,2.6800385,59.447033,60.009407,0.5623741
59bc276d681516389ccf481d,64d97441d7cfebda4ec1cbc2d9a8cf7b,164.1,0,88.128975,96.27034,8.141365,73.1032,83.0295,9.9263,95.50224,97.99439,2.4921494,51.562057,51.82659,0.264534,36.074272,35.71084,0.36343384,22.288969,22.629412,0.34044266,47.779003,46.502605,1.2763977,24.73334,24.765368,0.0320282,15.814515,15.560734,0.25378132,27.102112,28.812763,1.7106514,32.06942,33.467834,1.3984146,76.342224,73.669525,2.672699,59.447033,60.016735,0.56970215
59bc276d681516389ccf481d,caa8089f9fdf6f9f507fc78d467270ba,164.1,0,88.128975,96.27034,8.141365,73.1032,83.0295,9.9263,95.50224,97.99685,2.494606,51.562057,51.82393,0.26187134,36.074272,35.70929,0.3649826,22.288969,22.628492,0.33952332,47.779003,46.505753,1.2732506,24.73334,24.764015,0.030675888,15.814515,15.562202,0.25231266,27.102112,28.813759,1.711647,32.06942,33.46649,1.3970718,76.342224,73.67197,2.6702576,59.447033,60.016735,0.56970215
59bc276d681516389ccf481d,6b5ecdf1ad497eede70d775f1417607b,164.1,0,88.128975,96.27034,8.141365,73.1032,83.0295,9.9263,95.50224,97.99685,2.494606,51.562057,51.82393,0.26187134,36.074272,35.70929,0.3649826,22.288969,22.628492,0.33952332,47.779003,46.505753,1.2732506,24.73334,24.764015,0.030675888,15.814515,15.562202,0.25231266,27.102112,28.813759,1.711647,32.06942,33.46649,1.3970718,76.342224,73.67197,2.6702576,59.447033,60.016735,0.56970215
59bc276d681516389ccf481d,f7f151e03253c6596287ee08de2dead5,164.1,0,88.128975,96.27596,8.146988,73.1032,83.03604,9.932838,95.50224,98.00422,2.501976,51.562057,51.827927,0.26586914,36.074272,35.712383,0.3618889,22.288969,22.63033,0.3413601,47.779003,46.507324,1.2716789,24.73334,24.76672,0.03338051,15.814515,15.562202,0.25231266,27.102112,28.818731,1.7166195,32.06942,33.471855,1.4024353,76.342224,73.67686,2.6653671,59.447033,60.02162,0.5745888
NXeAR8_-o_dyyX6WZjfWxsZu1A-ubHRXI1TGILQSsgQ,ceba6df0d8af778c90e90a3c9f25da61,187.5,1,98.89899,107.16556,8.266571,87.99107,94.360565,6.3694916,98.16074,104.030235,5.8694916,48.20948,55.31982,7.11034,36.279312,38.890255,2.6109428,25.488096,25.906555,0.41845894,56.109756,53.063335,3.046421,26.851244,28.441854,1.5906105,17.55937,17.62878,0.069410324,28.299887,32.557854,4.257967,36.40203,38.57365,2.1716194,88.05488,83.536095,4.5187836,69.37549,70.341194,0.9657059
NXeAR8_-o_dyyX6WZjfWxsZu1A-ubHRXI1TGILQSsgQ,e606c94d77365f02a73ed92374455f99,187.5,1,98.89899,107.176796,8.277809,87.99107,94.38019,6.3891144,98.16074,104.04129,5.8805466,48.20948,55.325817,7.116337,36.279312,38.894123,2.614811,25.488096,25.91023,0.4221344,56.109756,53.069626,3.0401306,26.851244,28.447264,1.5960197,17.55937,17.630983,0.07161331,28.299887,32.562828,4.2629414,36.40203,38.579014,2.1769829,88.05488,83.545876,4.5090027,69.37549,70.35585,0.98036194
7_TIgScs7UCprHSsOhg5cme6tH5jjsX7YDUWJwgd-5Y,b71c8111906b9e9d67330d75ed89871d,186.0,1,92.36581,106.84238,14.47657,82.77282,93.9942,11.221382,98.550934,103.80175,5.2508163,51.41352,55.19856,3.785038,35.912487,38.785873,2.8733864,23.41964,25.799952,2.380312,52.8948,52.85895,0.03584671,25.05431,28.321514,3.2672043,15.193541,17.559013,2.3654728,29.724743,32.44744,2.7226982,36.35534,38.414093,2.058754,82.27199,83.22555,0.9535599,73.898285,70.0139,3.8843842
7_TIgScs7UCprHSsOhg5cme6tH5jjsX7YDUWJwgd-5Y,e3cec80053c9b41df84462b1839162a9,186.0,1,92.36581,106.83676,14.470955,82.77282,93.99747,11.2246475,98.550934,103.79745,5.2465134,51.41352,55.19656,3.783039,35.912487,38.786648,2.8741608,23.41964,25.799032,2.3793926,52.8948,52.85581,0.03899002,25.05431,28.321514,3.2672043,15.193541,17.558279,2.3647385,29.724743,32.448437,2.7236938,36.35534,38.414093,2.058754,82.27199,83.22311,0.95111847,73.898285,70.00901,3.8892746
aUXNEjfJ4oGoLEHnbX48nwPpMortiu4TuutuZZ3jm4M,09ec6927f8d675f821c9abc8e1a4d5c6,181.5,1,102.31778,105.636795,3.3190155,88.51956,92.64978,4.1302185,102.45634,102.977554,0.52121735,56.282352,54.769817,1.5125351,41.022003,38.41319,2.6088142,26.383833,25.415812,0.9680214,52.310947,52.10902,0.20192719,26.985744,27.886799,0.9010544,17.196175,17.308952,0.11277771,29.15675,32.044582,2.8878326,35.94797,37.8362,1.8882294,82.26375,82.09096,0.17279053,69.78576,68.81463,0.9711304
aUXNEjfJ4oGoLEHnbX48nwPpMortiu4TuutuZZ3jm4M,3e560c043302d4ae0f75465bca3a72d0,181.5,1,102.31778,105.6115,3.293724,88.51956,92.626884,4.1073227,102.45634,102.95343,0.4970932,56.282352,54.757824,1.5245285,41.022003,38.404682,2.617321,26.383833,25.411215,0.9726181,52.310947,52.10116,0.20978928,26.985744,27.876657,0.890913,17.196175,17.304546,0.108371735,29.15675,32.03563,2.8788795,35.94797,37.824135,1.8761635,82.26375,82.07384,0.18991089,69.78576,68.79753,0.98822784
-BdVKIwm3OGEfAEB56ar_HJqpYwmLXwhKKlyF0Gi4iU,f4c776abab7952840a393ac995fded6e,178.6,1,92.722534,104.641975,11.919441,78.9203,91.55642,12.636116,97.87351,102.33993,4.4664154,49.038174,54.42336,5.3851852,37.15715,38.107388,0.9502373,25.466156,25.107487,0.35866928,51.163464,51.499012,0.3355484,27.156046,27.537945,0.38189888,17.399464,17.109566,0.28989792,29.098063,31.71036,2.612297,37.239464,37.360214,0.12075043,82.30217,81.16665,1.1355209,66.818054,67.844955,1.0269012
muEJNrFoTT_vtClaQ-QbYu1poMnNlzel_d1gPHXf264,3a0fd278dfaeef02f79d552579db225e,194.0,1,102.155045,108.14632,5.991272,89.75282,95.50545,5.7526245,102.28822,104.83055,2.542328,55.192398,55.71358,0.521183,37.30743,39.213455,1.9060249,24.375212,26.239231,1.8640194,58.593945,53.689068,4.9048767,28.295954,28.831274,0.5353203,16.99896,17.85277,0.85380936,30.819626,32.89904,2.0794144,38.73389,39.061707,0.327816,91.71728,84.49953,7.2177505,73.47839,71.376816,2.1015778
lyUguDtiZsg3Gf3UTGaXEJUEbOxRj8I7FhzS6dRdi8o,0aabe3fa55df08982395d2afb0d63760,169.6,1,95.614746,100.82992,5.215172,75.745895,87.488,11.742104,91.158195,100.087616,8.92942,46.595688,53.139133,6.5434456,32.972626,36.964203,3.9915771,24.326437,23.943577,0.38286018,51.857277,49.16471,2.692566,24.442484,26.213854,1.7713699,16.894806,16.366728,0.5280781,25.996784,30.404924,4.40814,35.704155,35.544586,0.15956879,81.76805,77.62471,4.143341,62.822666,64.158,1.335331
lyUguDtiZsg3Gf3UTGaXEJUEbOxRj8I7FhzS6dRdi8o,70dcda7eeebaa23ef49efb4079ea22bd,169.6,1,95.614746,100.82711,5.212364,75.745895,87.48963,11.743736,91.158195,100.087616,8.92942,46.595688,53.133804,6.5381165,32.972626,36.96111,3.9884834,24.326437,23.943577,0.38286018,51.857277,49.16589,2.6913872,24.442484,26.212503,1.7700195,16.894806,16.365993,0.5288124,25.996784,30.404427,4.4076424,35.704155,35.542908,0.16124725,81.76805,77.6241,4.1439514,62.822666,64.15861,1.3359413
lyUguDtiZsg3Gf3UTGaXEJUEbOxRj8I7FhzS6dRdi8o,197a42db0dd3e18b5072a7925cfff003,169.6,1,95.614746,100.841866,5.2271194,75.745895,87.502716,11.756821,91.158195,100.10236,8.944168,46.595688,53.14713,6.551441,32.972626,36.966522,3.9938965,24.326437,23.946795,0.3796425,51.857277,49.17021,2.6870651,24.442484,26.222305,1.7798214,16.894806,16.370216,0.52458954,25.996784,30.411514,4.41473,35.704155,35.55129,0.15286636,81.76805,77.63571,4.1323395,62.822666,64.17021,1.3475456
lyUguDtiZsg3Gf3UTGaXEJUEbOxRj8I7FhzS6dRdi8o,d196e2af2eaf5ee9c18d187d0edcd7c9,169.6,1,95.614746,100.82008,5.2053375,75.745895,87.48146,11.735565,91.158195,100.0827,8.924507,46.595688,53.130474,6.534786,32.972626,36.96227,3.989643,24.326437,23.94151,0.38492775,51.857277,49.16235,2.6949272,24.442484,26.211489,1.7690048,16.894806,16.366728,0.5280781,25.996784,30.401941,4.405157,35.704155,35.541904,0.16225052,81.76805,77.62104,4.147011,62.822666,64.153114,1.3304482
lyUguDtiZsg3Gf3UTGaXEJUEbOxRj8I7FhzS6dRdi8o,e1c7fd8295190ca085fdf0c5da36b285,169.6,1,95.614746,100.83765,5.2229004,75.745895,87.502716,11.756821,91.158195,100.09745,8.939255,46.595688,53.144466,6.5487785,32.972626,36.966522,3.9938965,24.326437,23.946795,0.3796425,51.857277,49.169426,2.687851,24.442484,26.22129,1.7788067,16.894806,16.369665,0.52514076,25.996784,30.411142,4.414358,35.704155,35.55045,0.1537056,81.76805,77.63449,4.13356,62.822666,64.17021,1.3475456
lyUguDtiZsg3Gf3UTGaXEJUEbOxRj8I7FhzS6dRdi8o,fc152fc77b765c603802fa318b2e01d4,169.6,1,95.614746,100.82008,5.2053375,75.745895,87.484726,11.738831,91.158195,100.080246,8.92205,46.595688,53.132473,6.536785,32.972626,36.9615,3.9888725,24.326437,23.942429,0.3840084,51.857277,49.162743,2.6945343,24.442484,26.212841,1.7703571,16.894806,16.366545,0.5282612,25.996784,30.399952,4.4031677,35.704155,35.54274,0.1614151,81.76805,77.62166,4.146393,62.822666,64.156166,1.3334999
hBi52O-rU6sLf4l6F44AS7sOOiCsbTcnQG8s2iUGJT4,90129f53992f43f2c7377c62555b26b7,174.0,1,103.51852,102.74297,0.7755432,89.5256,89.51076,0.014839172,98.236465,101.18583,2.9493637,48.870155,53.76909,4.8989334,35.216503,37.53193,2.3154259,23.920479,24.525303,0.60482407,51.05779,50.341885,0.71590424,26.96485,26.873703,0.09114647,16.324896,16.735186,0.41028976,30.803436,31.066284,0.2628479,36.898567,36.45416,0.44440842,80.11324,79.406685,0.7065582,66.12775,66.00697,0.120773315
QfKpuP6dZQy-hOYNYE5Unp5XJ0g0H2AU6yLy8KASKNg,a58f6bb43a09a1f6fc724ebc9099b474,155.1,0,82.76012,94.23574,11.475624,71.68232,81.40704,9.724724,87.84533,97.114845,9.269516,45.934067,51.30824,5.374172,32.29369,35.200523,2.9068336,21.119965,22.096394,0.976429,45.22443,45.359627,0.13519669,21.406116,24.188,2.7818832,14.149393,15.255961,1.1065683,23.963034,28.106518,4.143484,30.691175,32.64189,1.950716,71.810555,71.98964,0.17908478,54.23247,58.314312,4.0818405
AX7n8bvX-5xbg8q0cCKaxASM66m2Xg7msSV5tYExzjc,6eee24a5a52aec2200070021681cd15e,183.0,0,92.24474,103.91413,11.669388,79.97025,90.79998,10.829727,104.145874,102.222,1.9238739,55.293083,54.254627,1.038456,38.768974,37.910217,0.858757,24.223087,24.911282,0.6881943,54.081768,51.13898,2.9427872,24.616194,27.343912,2.7277184,16.556215,16.984718,0.42850304,26.07316,31.496994,5.423834,34.107548,37.031044,2.9234962,83.36091,80.70939,2.6515198,65.887314,67.2612,1.3738861
AX7n8bvX-5xbg8q0cCKaxASM66m2Xg7msSV5tYExzjc,18923c2682525b5927b69338a4543a3a,183.0,0,92.24474,103.92959,11.684845,79.97025,90.822464,10.852211,104.145874,102.22998,1.9158936,55.293083,54.264416,1.0286674,38.768974,37.91718,0.8517952,24.223087,24.917255,0.6941681,54.081768,51.1492,2.9325676,24.616194,27.353376,2.7371826,16.556215,16.988024,0.43180847,26.07316,31.504951,5.4317913,34.107548,37.03976,2.9322128,83.36091,80.72895,2.631958,65.887314,67.28074,1.393425
rQEW2xANPRFnYpwxbKMqPRbLJhObWL6LuXKOnJQmaWw,7538a5acdb301fa0fa1c811c5fd6aef8,173.0,0,93.88599,99.594826,5.7088394,88.22958,86.21882,2.010765,104.631874,99.72401,4.9078674,54.275185,52.83665,1.4385338,34.825214,36.630177,1.8049622,22.921013,23.595737,0.6747246,49.379753,48.490635,0.8891182,23.2165,25.861958,2.6454582,15.590767,16.155224,0.56445694,27.235826,30.003931,2.7681046,31.761911,34.972225,3.2103138,83.26817,76.69185,6.5763245,63.334312,63.097954,0.23635864
GUJnXTtkEF7HE4yvdrag3QVGGtje3jTrYtMBhg7Vack,8de9b0fed9e4c541183f597337919b69,179.5,1,97.13339,104.94127,7.8078766,80.39403,91.884346,11.490318,94.55526,102.530334,7.975075,49.201447,54.518635,5.3171883,34.730083,38.197464,3.4673805,23.817806,25.199846,1.38204,52.48846,51.68453,0.8039322,25.895538,27.639357,1.7438183,16.098331,17.168684,1.0703526,29.988705,31.810825,1.8221207,36.240425,37.50368,1.2632561,82.06982,81.44052,0.62929535,67.43715,68.13317,0.69602203
GUJnXTtkEF7HE4yvdrag3QVGGtje3jTrYtMBhg7Vack,fa042b19920f005522d8919c08b0c98e,179.5,1,97.13339,104.95251,7.8191147,80.39403,91.89743,11.503403,94.55526,102.534325,7.979065,49.201447,54.52813,5.326683,34.730083,38.201332,3.4712486,23.817806,25.204441,1.3866348,52.48846,51.693962,0.79449844,25.895538,27.643412,1.7478733,16.098331,17.170887,1.0725555,29.988705,31.8158,1.827095,36.240425,37.509045,1.2686195,82.06982,81.457634,0.6121826,67.43715,68.14783,0.7106781
MQmecK4FIS6uznz3n2Wv8DediRJd_EZqDsKh5J9C_2E,c6792ddc7727224fdabebd362fbb78ac,172.5,1,98.10855,102.08482,3.9762726,86.6282,88.817696,2.189499,96.20875,100.790276,4.5815277,50.951637,53.543556,2.591919,38.39657,37.335777,1.060791,25.053602,24.326569,0.7270336,48.33675,49.940975,1.6042252,26.114834,26.645105,0.53027153,17.772131,16.609077,1.1630535,29.274307,30.839739,1.5654316,37.17273,36.14175,1.0309792,77.67423,78.79629,1.122055,66.750435,65.37223,1.3782043
7oM2JajaH0PtE2ZjFWPhhrnr7vHv-V29JgtiFmaKZeE,157a3a55a7cfb725d28a0c1551a8d5eb,175.25,1,101.73676,103.27902,1.5422592,93.08148,90.07738,3.0041046,101.964905,101.507675,0.4572296,49.081413,53.94498,4.8635674,35.351215,37.690823,2.3396072,23.49494,24.687506,1.1925659,50.05348,50.669685,0.6162071,26.784908,27.056242,0.2713337,15.623848,16.83986,1.216013,30.909992,31.247322,0.33732986,36.877964,36.709248,0.16871643,76.9213,79.90368,2.982376,69.75717,66.5199,3.2372742
7oM2JajaH0PtE2ZjFWPhhrnr7vHv-V29JgtiFmaKZeE,f5b9608e52398d236c7f9aec65e95b8a,175.25,1,101.73676,103.267784,1.5310211,93.08148,90.06286,3.0186234,101.964905,101.50276,0.46214294,49.081413,53.93682,4.8554077,35.351215,37.68889,2.3376732,23.49494,24.68291,1.1879711,50.05348,50.66025,0.6067734,26.784908,27.052185,0.26727676,15.623848,16.837933,1.2140846,30.909992,31.24384,0.33384705,36.877964,36.701874,0.17609024,76.9213,79.886566,2.9652634,69.75717,66.50646,3.2507095
7oM2JajaH0PtE2ZjFWPhhrnr7vHv-V29JgtiFmaKZeE,37e8cd9fa4ce52bfdcbee92e94eebe8c,175.25,1,101.73676,103.26638,1.5296173,93.08148,90.06848,3.0130005,101.964905,101.49908,0.46582794,49.081413,53.940483,4.85907,35.351215,37.690243,2.3390274,23.49494,24.685667,1.1907272,50.05348,50.66261,0.60913086,26.784908,27.05692,0.2720108,15.623848,16.839952,1.2161045,30.909992,31.245333,0.3353405,36.877964,36.704556,0.17340851,76.9213,79.89635,2.9750443,69.75717,66.517456,3.2397156
7oM2JajaH0PtE2ZjFWPhhrnr7vHv-V29JgtiFmaKZeE,f2ea17a1edc98730aea66b454d6118c3,175.25,1,101.73676,103.27832,1.5415573,93.08148,90.081055,3.0004272,101.964905,101.51259,0.45231628,49.081413,53.944817,4.8634033,35.351215,37.692757,2.3415413,23.49494,24.685207,1.1902676,50.05348,50.66418,0.6107025,26.784908,27.061651,0.27674294,15.623848,16.842064,1.218216,30.909992,31.24981,0.33981705,36.877964,36.70791,0.17005539,76.9213,79.89757,2.976265,69.75717,66.5199,3.2372742
s7ogioDf1U8mqqsD7r99clapeOQQfyr55h2X3ap3XJE,f0b9c262a809dc4326446d8f963250a8,165.0,0,96.19551,96.556984,0.36147308,82.10382,83.27156,1.1677399,95.17783,98.13934,2.9615097,51.29318,51.911877,0.6186981,36.764576,35.789703,0.9748726,23.319967,22.708445,0.6115227,51.125427,46.667686,4.457741,24.809711,24.854609,0.04489708,16.464556,15.607,0.8575554,27.789661,28.91124,1.1215782,33.029495,33.589848,0.5603523,83.90844,73.91894,9.989502,63.508312,60.268314,3.2399979
B0Z9Yi4-Fq_kfX9T9yRIA6iZrVAr611tdGaSdtGmckg,465265e30b748da1a41c69b1ec91b919,174.0,0,97.45586,100.01777,2.5619125,76.91588,86.65387,9.737991,95.55165,99.95495,4.4032974,52.726673,52.96391,0.23723602,39.32182,36.747704,2.5741158,24.568686,23.723019,0.8456669,50.804188,48.752403,2.0517845,25.63803,26.00089,0.36286163,16.88646,16.233068,0.6533909,29.16301,30.148413,0.98540306,34.21716,35.17033,0.9531708,80.64583,77.08431,3.5615158,63.96777,63.499744,0.4680252
oxzahShpwTQze5nBX1K1MEam1UYQO9hhMx1zr0E08cs,d00854e90705b5a01a8128352a3be6d5,176.0,1,95.53823,103.614845,8.076614,83.91849,90.437706,6.5192184,95.15061,101.71589,6.565277,46.823116,54.06341,7.2402954,34.574524,37.792885,3.218361,23.645308,24.788136,1.142828,48.78948,50.870136,2.080658,25.392057,27.176922,1.7848644,16.798498,16.906506,0.10800743,27.01219,31.3642,4.3520107,37.210308,36.867466,0.3428421,76.50209,80.209335,3.7072449,69.344894,66.84475,2.500145
oxzahShpwTQze5nBX1K1MEam1UYQO9hhMx1zr0E08cs,339f943de7f3fcc3a39ab506dd8484e7,176.0,1,95.53823,103.61625,8.078018,83.91849,90.44916,6.53067,95.15061,101.70975,6.5591354,46.823116,54.071823,7.248707,34.574524,37.795204,3.2206802,23.645308,24.79319,1.1478825,48.78948,50.87564,2.0861626,25.392057,27.180302,1.7882442,16.798498,16.907057,0.108558655,27.01219,31.366688,4.354498,37.210308,36.872158,0.33815002,76.50209,80.221565,3.7194748,69.344894,66.856964,2.4879303
59bc2770681516389ccf48fb,6aee65481a16cba252a324e4e2fb87d7,175.5,0,93.52716,100.73578,7.208618,85.45395,87.375145,1.921196,98.82096,100.377525,1.5565643,52.392147,53.203762,0.811615,39.562862,36.959175,2.6036873,23.14582,23.929792,0.7839718,51.384804,49.172176,2.2126274,24.058111,26.24732,2.189209,14.943838,16.365993,1.4221554,27.86832,30.404179,2.5358582,33.281113,35.50235,2.2212372,82.43821,77.73047,4.707741,63.66991,64.16044,0.4905281
Ob8vB_biehhDu_hwzWjueaELAjJL7v-22Ijby72Up8w,8bbb7d9eb993854d02c2ea6a6076cf63,179.5,1,97.48809,104.89349,7.405403,85.397964,91.84918,6.4512177,100.38672,102.47751,2.0907898,54.74945,54.493652,0.25579834,35.33046,38.18432,2.853859,24.278824,25.191576,0.91275215,52.703213,51.668808,1.0344048,27.455635,27.617722,0.16208649,17.103338,17.158403,0.055065155,30.713417,31.788942,1.0755253,35.72526,37.483566,1.7583046,85.08833,81.41118,3.6771545,66.16166,68.10142,1.9397583
Ob8vB_biehhDu_hwzWjueaELAjJL7v-22Ijby72Up8w,a447f6c53ff8e091a0183af5c5249445,179.5,1,97.48809,104.906136,7.418045,85.397964,91.86227,6.464302,100.38672,102.48856,2.1018448,54.74945,54.50198,0.24747086,35.33046,38.187027,2.8565674,24.278824,25.194332,0.9155083,52.703213,51.673523,1.0296898,27.455635,27.624483,0.16884804,17.103338,17.160973,0.057634354,30.713417,31.793917,1.0804996,35.72526,37.490273,1.7650108,85.08833,81.4234,3.6649323,66.16166,68.11363,1.951973
NEr3m-lLFRiiCG6tPxjgLaH3ba0fslVxrYNc-pn-zFI,801beb34a774dfa5a444fb3808f93d49,164.0,1,94.89664,98.46231,3.5656738,87.312584,85.10337,2.2092133,95.93734,98.81006,2.8727188,50.686516,52.391586,1.7050705,38.13822,36.28842,1.8498001,23.21849,23.238707,0.020215988,46.718185,47.728912,1.0107269,25.767466,25.418453,0.34901237,15.879258,15.929399,0.05014038,28.118156,29.570236,1.4520798,36.63676,34.447968,2.1887932,70.63226,75.44722,4.8149567,64.580505,61.919445,2.6610603
NEr3m-lLFRiiCG6tPxjgLaH3ba0fslVxrYNc-pn-zFI,bdad7d847a32f1d0d3b27e75fefbc68c,164.0,1,94.89664,98.46231,3.5656738,87.312584,85.10664,2.2059402,95.93734,98.80269,2.8653488,50.686516,52.38759,1.7010727,38.13822,36.28842,1.8498001,23.21849,23.240543,0.022052765,46.718185,47.732056,1.0138702,25.767466,25.417778,0.34968758,15.879258,15.929399,0.05014038,28.118156,29.570236,1.4520798,36.63676,34.447968,2.1887932,70.63226,75.44966,4.817398,64.580505,61.919445,2.6610603
A473kSGcBV0gMsvzNTpkfTPujQu9VzA9Av_zmJOhelQ,84650f5e08777395182ebdb84b6e22e3,168.5,1,95.553795,100.34235,4.7885513,78.23528,86.985886,8.750603,87.664246,99.819824,12.155579,47.945995,52.977898,5.0319023,36.066666,36.820774,0.7541084,23.468822,23.797226,0.32840347,49.470345,48.868748,0.60159683,23.735128,26.047203,2.3120747,15.791951,16.275297,0.483346,26.920902,30.23371,3.312807,36.80107,35.31514,1.4859314,77.82828,77.17417,0.65410614,64.78625,63.691483,1.0947647
4bITwZfmlJUYVTWFNlQsWqjmpXd7p_B1KyqLCAdWbVQ,cec8af3d682ade5e5968a29b3cfae54c,158.8,0,87.1317,94.910194,7.778496,71.86102,81.89116,10.030136,93.367386,97.39001,4.022621,53.30098,51.465477,1.8355026,35.33881,35.36444,0.02563095,21.729847,22.26365,0.53380394,44.497307,45.724377,1.2270699,22.711576,24.365131,1.6535549,15.22095,15.349229,0.12827873,26.891125,28.331324,1.4401989,30.74971,32.89933,2.14962,71.58681,72.517815,0.9310074,57.02039,58.841892,1.8215027
4bITwZfmlJUYVTWFNlQsWqjmpXd7p_B1KyqLCAdWbVQ,5206578477879a42c662a4f586236278,158.8,0,87.1317,94.91582,7.7841187,71.86102,81.90424,10.0432205,93.367386,97.38018,4.0127945,53.30098,51.465477,1.8355026,35.33881,35.36599,0.027179718,21.729847,22.265488,0.5356407,44.497307,45.730663,1.2333565,22.711576,24.365131,1.6535549,15.22095,15.349963,0.12901306,26.891125,28.333313,1.4421883,30.74971,32.902008,2.152298,71.58681,72.522705,0.9358978,57.02039,58.85166,1.8312721
4bITwZfmlJUYVTWFNlQsWqjmpXd7p_B1KyqLCAdWbVQ,e7291ccd20f0e22a671ac308922c0dda,158.8,0,87.1317,94.91582,7.7841187,71.86102,81.897705,10.036682,93.367386,97.39492,4.0275345,53.30098,51.473473,1.827507,35.33881,35.36908,0.030269623,21.729847,22.265488,0.5356407,44.497307,45.72752,1.2302132,22.711576,24.369188,1.6576118,15.22095,15.349963,0.12901306,26.891125,28.337292,1.446167,30.74971,32.902008,2.152298,71.58681,72.522705,0.9358978,57.02039,58.84678,1.8263893
4bITwZfmlJUYVTWFNlQsWqjmpXd7p_B1KyqLCAdWbVQ,11a10db59f007d2cf3dfe91869756e38,158.8,0,87.1317,94.910194,7.778496,71.86102,81.89116,10.030136,93.367386,97.38018,4.0127945,53.30098,51.465477,1.8355026,35.33881,35.36599,0.027179718,21.729847,22.26365,0.53380394,44.497307,45.72752,1.2302132,22.711576,24.36378,1.6522026,15.22095,15.349229,0.12827873,26.891125,28.333313,1.4421883,30.74971,32.902008,2.152298,71.58681,72.517815,0.9310074,57.02039,58.84678,1.8263893
4bITwZfmlJUYVTWFNlQsWqjmpXd7p_B1KyqLCAdWbVQ,5ed5427551a2d7ada250c427fac3cd12,158.8,0,87.1317,94.910194,7.778496,71.86102,81.90424,10.0432205,93.367386,97.38018,4.0127945,53.30098,51.468143,1.8328362,35.33881,35.36599,0.027179718,21.729847,22.26365,0.53380394,44.497307,45.72752,1.2302132,22.711576,24.367836,1.6562595,15.22095,15.349229,0.12827873,26.891125,28.337292,1.446167,30.74971,32.902008,2.152298,71.58681,72.522705,0.9358978,57.02039,58.85166,1.8312721
2NWEZ9_atmcpO1hW35vimzq3zGQrfywdEdGvLkStrGo,173802ab97a83f227a6a4114dc004c35,169.0,0,81.83576,97.973335,16.137573,75.592476,84.60617,9.013695,94.28793,98.86411,4.5761795,48.847725,52.328957,3.4812317,34.234272,36.16703,1.9327583,21.375607,23.114641,1.7390347,47.064507,47.508804,0.4442978,22.68686,25.313663,2.6268044,14.330604,15.856693,1.5260897,25.190111,29.422522,4.2324104,31.659687,34.22137,2.5616837,77.607666,75.19781,2.4098587,60.09965,61.567726,1.4680748
2NWEZ9_atmcpO1hW35vimzq3zGQrfywdEdGvLkStrGo,e4a3fb8d5275f2b2bf02cb0969377cc5,169.0,0,81.83576,97.948044,16.112282,75.592476,84.57673,8.984253,94.28793,98.86166,4.573723,48.847725,52.32496,3.477234,34.234272,36.161617,1.9273453,21.375607,23.10729,1.7316837,47.064507,47.48994,0.4254341,22.68686,25.308254,2.621395,14.330604,15.852287,1.5216837,25.190111,29.41556,4.2254486,31.659687,34.2093,2.549614,77.607666,75.1758,2.4318695,60.09965,61.545742,1.4460907
gb9KcVIn3anG3dT6UNCP1gdxfN-qcS2Rr0i5Ii6chW8,73e52506f6b75a583d2da3419c4ee61b,175.5,1,91.86671,103.371056,11.504349,78.926765,90.18069,11.2539215,92.54324,101.55312,9.00988,50.942352,53.975296,3.0329437,35.06888,37.71924,2.65036,23.957909,24.718292,0.7603836,52.121838,50.727856,1.3939819,25.661627,27.086329,1.4247017,16.813623,16.858128,0.044504166,27.605852,31.278656,3.6728039,35.018707,36.753494,1.734787,79.00165,79.985596,0.98394775,69.019295,66.61027,2.409027
9o4N8k59ukMvsfOgGMLp66-rLPw8OP-P-xvJ7PVGnek,2cbf0a5960cd350b238dcc796655efa3,182.0,1,103.747025,105.81103,2.064003,83.6207,92.836235,9.215538,100.653366,103.08443,2.4310608,53.73953,54.831116,1.0915871,37.193153,38.464993,1.2718391,25.58188,25.468193,0.113687515,53.799706,52.215927,1.5837784,28.33333,27.946293,0.38703728,17.536383,17.343102,0.19328117,31.219522,32.10327,0.883749,38.23895,37.91665,0.32229996,85.45781,82.24989,3.2079163,67.41559,68.98072,1.5651321
yx3NAQN1gDhX5hDcrgZmzaIy5w_yyO9dcNkhFlcz_RQ,e5a049cd4ecd5d6b295f8fb4d9f09c16,184.7,1,103.26219,106.53888,3.2766876,88.4149,93.65401,5.239105,102.133385,103.58493,1.4515457,50.05528,55.08463,5.0293503,37.681053,38.689995,1.0089417,24.44584,25.699781,1.2539406,52.67828,52.667145,0.011135101,28.647894,28.207933,0.43996048,16.47863,17.494387,1.0157566,32.75964,32.34399,0.4156494,36.460102,38.2666,1.8064995,83.617096,82.92967,0.6874237,70.740166,69.698814,1.0413513
yx3NAQN1gDhX5hDcrgZmzaIy5w_yyO9dcNkhFlcz_RQ,6de67363f72400be7e014df89345fdf6,184.7,1,103.26219,106.53044,3.2682495,88.4149,93.64092,5.226021,102.133385,103.57142,1.438034,50.05528,55.08596,5.0306816,37.681053,38.689224,1.0081711,24.44584,25.699781,1.2539406,52.67828,52.664,0.014278412,28.647894,28.206581,0.4413128,16.47863,17.492184,1.0135536,32.75964,32.34001,0.41962814,36.460102,38.26258,1.8024788,83.617096,82.92723,0.6898651,70.740166,69.698814,1.0413513
cpKOli1Bfoz9jqNHdyc5ByeeJs_Dweb6JvtOS7FqQok,bb4d095d85f2d43018ac8e7ff809f8b4,172.6,1,91.78214,102.160736,10.378593,83.19502,88.87576,5.6807404,95.327805,100.85293,5.5251236,50.245388,53.582867,3.3374786,36.204525,37.357956,1.1534309,24.112776,24.345753,0.23297691,49.467625,49.97674,0.5091171,23.583252,26.673923,3.0906715,16.510191,16.62294,0.1127491,25.421097,30.870575,5.449478,35.91359,36.176945,0.26335526,78.688065,78.85987,0.17180634,65.901855,65.43695,0.4649048
W7t2YT8d182AnmwgJckYy-NcxdhHFQV9iHSQu3EVUoo,7574fe2b998b3354a6237ee2d8556f82,180.0,1,103.93539,105.10567,1.1702805,87.481224,92.06916,4.5879364,101.75971,102.63014,0.87043,52.474415,54.575603,2.1011887,36.683525,38.249268,1.5657425,25.5318,25.25223,0.27956963,51.803936,51.788296,0.015640259,27.190603,27.697498,0.50689507,17.200884,17.200996,0.00011253357,30.243195,31.863546,1.6203518,37.976505,37.582787,0.39371872,83.151085,81.599464,1.5516205,68.47163,68.29926,0.17236328
zKE0XxJMySFUqByIqFZOiN0NKULgwCHvcKlXlLmBoYA,d80fb5eb6f64a29fa3ea73738c3b0eb0,174.75,1,96.9967,103.07599,6.0792923,88.583725,89.85545,1.2717285,98.07758,101.384834,3.307251,50.75461,53.87769,3.1230812,35.01117,37.628387,2.617218,24.446875,24.623405,0.17653084,49.732555,50.539978,0.80742264,27.255287,26.983902,0.2713852,17.060297,16.79901,0.2612877,29.661875,31.18018,1.5183048,36.68319,36.610027,0.07316208,77.72298,79.70562,1.9826431,66.48543,66.31717,0.16825867
zKE0XxJMySFUqByIqFZOiN0NKULgwCHvcKlXlLmBoYA,fceaaaa000a1db9dfcdd573e35cadcc1,174.75,1,96.9967,103.0809,6.0842056,88.583725,89.8671,1.2833786,98.07758,101.38606,3.3084793,50.75461,53.882355,3.1277466,35.01117,37.63225,2.6210823,24.446875,24.627771,0.18089676,49.732555,50.545483,0.81292725,27.255287,26.990664,0.26462364,17.060297,16.801397,0.2588997,29.661875,31.181671,1.5197964,36.68319,36.61405,0.06913757,77.72298,79.72151,1.9985352,66.48543,66.33549,0.14994049
zKE0XxJMySFUqByIqFZOiN0NKULgwCHvcKlXlLmBoYA,edafa70d6e9a83ea17afb0fd98b9f948,174.75,1,96.9967,103.0802,6.0835037,88.583725,89.86281,1.2790833,98.07758,101.38729,3.3097076,50.75461,53.88152,3.1269112,35.01117,37.630127,2.6189575,24.446875,24.626852,0.17997742,49.732555,50.544697,0.8121414,27.255287,26.988636,0.26665115,17.060297,16.800709,0.25958824,29.661875,31.181671,1.5197964,36.68319,36.61338,0.06980896,77.72298,79.71906,1.9960861,66.48543,66.331825,0.1536026
zKE0XxJMySFUqByIqFZOiN0NKULgwCHvcKlXlLmBoYA,fee42e42410aba6265aa9032af684122,174.75,1,96.9967,103.07739,6.080696,88.583725,89.86506,1.2813339,98.07758,101.384834,3.307251,50.75461,53.87869,3.1240807,35.01117,37.629158,2.6179886,24.446875,24.625933,0.17905807,49.732555,50.545483,0.81292725,27.255287,26.985592,0.26969528,17.060297,16.799515,0.26078224,29.661875,31.182665,1.5207901,36.68319,36.61271,0.07048035,77.72298,79.71295,1.989975,66.48543,66.32694,0.15848541
5a1df03ea6ace80004bbb723,b62b9ec9af3f7ad9e6c8f35e4256b6fc,164.5,1,96.103294,98.670265,2.5669708,84.01103,85.31272,1.3016891,96.51535,98.92308,2.40773,50.495094,52.458214,1.9631195,35.3359,36.347183,1.0112839,23.481958,23.30028,0.18167877,47.562687,47.851543,0.2888565,26.403225,25.48944,0.913784,16.328186,15.966485,0.361701,28.070349,29.647327,1.5769787,36.13317,34.542496,1.5906754,73.71414,75.63795,1.9238052,63.66107,62.112404,1.5486679
nZ_F3FPNpkjfMK-1_NaNvBYB7i3g8W6RuBgWnBRgTfM,61da0791b74a72705322829922bcb4ea,175.0,1,95.838104,103.20666,7.368553,84.61964,90.005615,5.3859787,97.2318,101.46345,4.2316513,52.50005,53.930656,1.4306068,38.912262,37.6713,1.240963,23.849268,24.66614,0.81687164,50.69894,50.619373,0.079566956,27.273273,27.038664,0.2346096,16.730444,16.826916,0.09647179,31.859734,31.22693,0.63280296,37.23365,36.675728,0.55792236,79.74779,79.83399,0.08620453,67.18627,66.45273,0.7335434
gW8ZU5f2ddM1YXRNfiBgrdKaao8aZCnOxMnILg1AvFU,b0d23f5fd484201ec21be0734534a968,168.5,0,91.803764,97.7738,5.9700394,76.99143,84.41644,7.4250107,96.209045,98.753555,2.54451,50.401947,52.267662,1.865715,33.24833,36.115223,2.8668938,22.48962,23.057663,0.56804276,48.55048,47.390892,1.1595879,22.178492,25.250113,3.071621,15.392686,15.821443,0.4287567,23.480883,29.350903,5.87002,32.906055,34.132877,1.2268219,77.93935,75.0193,2.920044,60.230736,61.38698,1.1562424
gW8ZU5f2ddM1YXRNfiBgrdKaao8aZCnOxMnILg1AvFU,449836cd54b72a057ea6f822e1048a96,168.5,0,91.803764,97.76819,5.964424,76.99143,84.40663,7.4151993,96.209045,98.74373,2.5346832,50.401947,52.257,1.855053,33.24833,36.11136,2.8630295,22.48962,23.054907,0.56528664,48.55048,47.38932,1.1611595,22.178492,25.242676,3.0641842,15.392686,15.81924,0.42655373,23.480883,29.34394,5.863058,32.906055,34.127514,1.2214584,77.93935,75.00707,2.9322739,60.230736,61.374767,1.1440315
8dNapeHYd_jNji_IkOHzYEWBvjDrfJPWr8fW01bifZU,63213d0c6acde3a815ff3127f2b5279e,159.6,0,87.349785,95.09005,7.740265,75.79525,82.04817,6.252922,93.32743,97.4588,4.1313705,51.540596,51.509453,0.031143188,35.016365,35.40774,0.3913765,21.868797,22.311438,0.4426403,45.0699,45.831284,0.76138306,23.501654,24.415161,0.91350746,14.797669,15.375667,0.5779972,27.069311,28.396975,1.3276634,32.545483,32.977097,0.43161392,70.93837,72.66942,1.7310486,58.806007,58.99821,0.19220352
8dNapeHYd_jNji_IkOHzYEWBvjDrfJPWr8fW01bifZU,b9fca37db9df5a37be6825e96c126fc4,159.6,0,87.349785,95.09005,7.740265,75.79525,82.04163,6.2463837,93.32743,97.4588,4.1313705,51.540596,51.512115,0.02848053,35.016365,35.409286,0.39292145,21.868797,22.311438,0.4426403,45.0699,45.82814,0.75823975,23.501654,24.416513,0.9148598,14.797669,15.375667,0.5779972,27.069311,28.398964,1.3296528,32.545483,32.974415,0.4289322,70.93837,72.66942,1.7310486,58.806007,58.99821,0.19220352
8dNapeHYd_jNji_IkOHzYEWBvjDrfJPWr8fW01bifZU,98c274d36949dd1339504dfddd865d76,159.6,0,87.349785,95.08443,7.734642,75.79525,82.02855,6.2332993,93.32743,97.463715,4.136284,51.540596,51.516113,0.024482727,35.016365,35.409286,0.39292145,21.868797,22.3096,0.44080353,45.0699,45.824993,0.7550926,23.501654,24.416513,0.9148598,14.797669,15.374932,0.5772629,27.069311,28.394985,1.325674,32.545483,32.974415,0.4289322,70.93837,72.66453,1.7261581,58.806007,58.99333,0.18732071
S2mmeg781MZQc-lUFAQ7ShYJ6xh3LhzmNqNSN5xCu34,0dd129cd654b1e9d8cdc16045cbdcb43,164.4,0,85.44476,96.3687,10.923935,74.753716,83.12109,8.367378,95.18148,98.04107,2.8595886,48.89381,51.853245,2.9594345,34.24153,35.734035,1.4925041,21.33496,22.6579,1.3229389,47.153816,46.565495,0.5883217,22.43153,24.793762,2.3622322,14.535504,15.577624,1.04212,24.887299,28.848574,3.961275,33.450516,33.5094,0.058883667,75.265236,73.76,1.5052338,59.23368,60.10711,0.87342834
S2mmeg781MZQc-lUFAQ7ShYJ6xh3LhzmNqNSN5xCu34,11c611831bafc5534044c84eb7567cf8,164.4,0,85.44476,96.363075,10.918312,74.753716,83.12109,8.367378,95.18148,98.04844,2.8669586,48.89381,51.85191,2.9580994,34.24153,35.737125,1.495594,21.33496,22.656061,1.3211002,47.153816,46.557632,0.5961838,22.43153,24.796467,2.3649368,14.535504,15.577624,1.04212,24.887299,28.847578,3.9602795,33.450516,33.5094,0.058883667,75.265236,73.75511,1.5101242,59.23368,60.09978,0.8661003
S2mmeg781MZQc-lUFAQ7ShYJ6xh3LhzmNqNSN5xCu34,5a20a3f2320196999a580925dacedb7b,164.4,0,85.44476,96.363075,10.918312,74.753716,83.10801,8.354294,95.18148,98.04598,2.864502,48.89381,51.85058,2.956768,34.24153,35.734035,1.4925041,21.33496,22.652386,1.3174248,47.153816,46.552917,0.60089874,22.43153,24.793762,2.3622322,14.535504,15.57689,1.0413857,24.887299,28.847578,3.9602795,33.450516,33.505375,0.05485916,75.265236,73.74533,1.5199051,59.23368,60.09001,0.8563309
-nb6YMhnr5iOO8SbyCamexRSVRxegqztWFmTJZM2X94,41a78b103d38776077e906f89c321175,160.5,0,89.25285,95.28114,6.02829,78.24509,82.19865,3.9535599,96.18466,97.542336,1.3576736,50.12927,51.56542,1.4361496,34.693047,35.46032,0.76727295,22.677843,22.361063,0.3167801,47.12709,45.935047,1.1920433,23.210611,24.47195,1.2613392,15.20733,15.405043,0.1977129,27.806719,28.468594,0.6618748,31.362478,33.05218,1.689703,76.03931,72.82591,3.2133942,58.375,59.159416,0.7844162
6ZI3FkX6g5n9L6AN74E8i6F6OjvYjwsnkgqoN8T9UH0,166ea67f2e14a72e86c892e995816feb,182.0,1,100.47547,105.7745,5.2990265,88.61514,92.800255,4.185112,99.14993,103.07207,3.9221344,53.246044,54.8018,1.5557556,40.094124,38.45185,1.642273,24.554316,25.455328,0.9010124,51.445377,52.193916,0.748539,25.003254,27.92804,2.9247856,16.187887,17.336124,1.1482372,28.63254,32.091335,3.4587955,37.721066,37.896538,0.17547226,80.829704,82.20833,1.378624,71.122444,68.93675,2.1856918
6ZI3FkX6g5n9L6AN74E8i6F6OjvYjwsnkgqoN8T9UH0,e49907643650f5f4b4c7ff44ad53c0df,182.0,1,100.47547,105.79417,5.318695,88.61514,92.82642,4.211281,99.14993,103.07974,3.9298096,53.246044,54.82312,1.577076,40.094124,38.460354,1.63377,24.554316,25.465437,0.91112137,51.445377,52.20807,0.7626915,25.003254,27.942238,2.938984,16.187887,17.340532,1.1526451,28.63254,32.0973,3.4647617,37.721066,37.909946,0.18888092,80.829704,82.23767,1.4079666,71.122444,68.97095,2.151497
M7W3KM6kChC2ZuIEZfASSnpPUwzsXctKnjlTHCvyvZU,942bc01f6a170d229d134635ab16d214,173.5,1,90.947075,102.53642,11.589348,81.39513,89.29201,7.896881,94.969284,101.06913,6.099846,49.345203,53.700798,4.3555946,35.15161,37.47191,2.3202972,24.467093,24.46281,0.0042819977,49.5539,50.212963,0.65906143,26.104494,26.804235,0.69974136,16.497835,16.696033,0.19819832,28.34163,30.996405,2.6547737,34.647736,36.35829,1.710556,77.84855,79.2129,1.3643494,65.6518,65.80669,0.15488434
MTXbtemM3j9GYgqgOkhXXNyNs1NVodSfuPageeXGSXk,49c475ac2c54cf3c317b98be2dad9347,170.0,0,87.40908,98.34709,10.938011,81.72648,84.96926,3.2427826,99.0554,99.03855,0.016845703,50.477264,52.434227,1.9569626,37.297123,36.27141,1.025711,23.166655,23.224003,0.05734825,48.711628,47.73677,0.97485733,24.663198,25.433329,0.77013016,16.211975,15.922054,0.2899208,28.763876,29.548851,0.78497505,32.81116,34.390312,1.5791512,77.938286,75.53525,2.403038,62.36292,61.912117,0.45080185
234g5fOQ1rGjBgBcFi4YI0yuZ5fjLfHmqsYCWs31amk,60d231f15c6c1da301d53270bc54fec9,177.0,1,94.10941,103.96612,9.856705,77.23514,90.83024,13.5951,95.71074,101.92595,6.21521,49.719833,54.18282,4.462986,37.102283,37.899395,0.7971115,25.571487,24.90255,0.6689377,51.922672,51.09496,0.827713,25.842964,27.299967,1.4570026,16.730001,16.97609,0.24608803,28.765652,31.48257,2.716919,36.667027,37.0411,0.37407303,79.5971,80.549225,0.95212555,68.091,67.201355,0.88964844
234g5fOQ1rGjBgBcFi4YI0yuZ5fjLfHmqsYCWs31amk,d4867fe038854bc1ad28c18af0caabc4,177.0,1,94.10941,103.964714,9.855301,77.23514,90.831055,13.595917,95.71074,101.92657,6.215828,49.719833,54.181797,4.4619637,37.102283,37.89978,0.7974968,25.571487,24.902092,0.66939545,51.922672,51.095745,0.8269272,25.842964,27.298615,1.4556503,16.730001,16.97609,0.24608803,28.765652,31.482075,2.716423,36.667027,37.0411,0.37407303,79.5971,80.549225,0.95212555,68.091,67.19769,0.89331055
9fwKNnUqd4aChCfMqkjFnj_Rzk_pU-UrAb1ew4XoYW0,e4b76e5662ed208eedf66af4b61ca343,163.1,1,94.17082,98.105415,3.9345932,81.19966,84.75664,3.5569763,94.77888,98.623344,3.8444672,51.219368,52.28365,1.0642815,36.123993,36.191772,0.06777954,23.952366,23.135778,0.81658745,46.66983,47.515095,0.84526443,24.628681,25.300817,0.6721363,15.934157,15.865506,0.0686512,28.36463,29.442417,1.0777874,34.71177,34.28439,0.4273796,74.050224,75.122,1.0717773,63.49539,61.584824,1.9105682
9fwKNnUqd4aChCfMqkjFnj_Rzk_pU-UrAb1ew4XoYW0,e4bd5a197b8feba729617b60566834b4,163.1,1,94.17082,98.11946,3.948639,81.19966,84.75664,3.5569763,94.77888,98.643,3.8641205,51.219368,52.291645,1.0722771,36.123993,36.193317,0.06932449,23.952366,23.135778,0.81658745,46.66983,47.515095,0.84526443,24.628681,25.302845,0.6741638,15.934157,15.8640375,0.07011986,28.36463,29.452364,1.0877342,34.71177,34.28573,0.42604065,74.050224,75.11955,1.0693283,63.49539,61.579937,1.9154549
OxK_g9JOUf-B_yRb4AQliy76liI7Zz3uhIW8dbpOTQw,82a55a4b1f5e89161644ed8f9cd8b09e,168.8,1,96.67831,100.485664,3.8073578,79.4188,87.12654,7.707741,93.30184,99.89353,6.59169,51.531815,53.026535,1.4947205,35.663124,36.86214,1.1990166,23.90909,23.839272,0.0698185,47.31431,48.951286,1.6369781,29.361166,26.096556,3.2646103,18.314907,16.30247,2.0124378,30.764488,30.283943,0.48054504,36.519886,35.380505,1.1393814,75.55542,77.30133,1.7459106,64.03032,63.826427,0.20389175
OxK_g9JOUf-B_yRb4AQliy76liI7Zz3uhIW8dbpOTQw,108fccb8a9ff6382bdd4ac76acf35eca,168.8,1,96.67831,100.47162,3.793312,79.4188,87.10855,7.6897507,93.30184,99.88616,6.58432,51.531815,53.01721,1.4853935,35.663124,36.856728,1.1936035,23.90909,23.833986,0.07510376,47.31431,48.94303,1.6287231,29.361166,26.088104,3.2730618,18.314907,16.299164,2.0157433,30.764488,30.27723,0.4872589,36.519886,35.374134,1.145752,75.55542,77.2836,1.7281799,64.03032,63.80872,0.22159958
5Sa-DtWIegdnuFlkBMNWXCAiuLX9ghXrmsULAkjPSGA,07e1ad567cf1af383e236e9880011a74,166.5,1,95.76693,99.48102,3.7140884,85.659935,86.11741,0.45747375,92.02508,99.35794,7.332863,45.377407,52.707394,7.3299866,31.933855,36.57219,4.6383343,22.455559,23.541515,1.0859566,49.320858,48.34678,0.97407913,24.96992,25.757843,0.7879238,15.710137,16.1152,0.40506268,27.513016,29.933804,2.4207878,36.009125,34.915913,1.0932121,78.483246,76.38375,2.099495,62.98263,62.88179,0.10084152
5Sa-DtWIegdnuFlkBMNWXCAiuLX9ghXrmsULAkjPSGA,b6fa8823f47aa466730ce64edc83d6fd,166.5,1,95.76693,99.48102,3.7140884,85.659935,86.12068,0.46074677,92.02508,99.35057,7.325493,45.377407,52.7034,7.3259926,31.933855,36.571415,4.63756,22.455559,23.541975,1.0864162,49.320858,48.35071,0.9701462,24.96992,25.755816,0.7858963,15.710137,16.114466,0.40432835,27.513016,29.931318,2.4183025,36.009125,34.915913,1.0932121,78.483246,76.38619,2.0970535,62.98263,62.884235,0.0983963
4V5t1ip62IcSKtuK7qkTrk1d0nDXVf2qVARD7g_SNI4,2f86c86a56c8691787bdca1e9f2a130e,161.9,0,86.010605,95.64647,9.635864,76.76568,82.4865,5.720825,93.90638,97.7094,3.8030167,50.3688,51.660027,1.2912254,36.05467,35.551556,0.5031128,22.81172,22.458477,0.35324287,47.557766,46.13943,1.418335,22.948427,24.57877,1.6303425,15.174787,15.460122,0.28533554,26.539883,28.593927,2.0540447,30.7293,33.20235,2.473051,77.28345,73.13402,4.1494293,57.93705,59.467175,1.5301247
4V5t1ip62IcSKtuK7qkTrk1d0nDXVf2qVARD7g_SNI4,b015910256afc863ce8818ad18ee5911,161.9,0,86.010605,95.64647,9.635864,76.76568,82.49959,5.7339096,93.90638,97.69957,3.79319,50.3688,51.660027,1.2912254,36.05467,35.553104,0.501564,22.81172,22.460316,0.3514042,47.557766,46.14572,1.4120445,22.948427,24.57877,1.6303425,15.174787,15.460856,0.28606987,26.539883,28.593927,2.0540447,30.7293,33.203693,2.4743938,77.28345,73.13891,4.144539,57.93705,59.476944,1.5398941
oqyH_veC46ItEB8qeSDlvqg4-GdVD74zXF5Ntiqju_c,04306e036df32d2d112ec6c9d34b26be,184.5,1,106.03733,106.48267,0.44534302,85.814156,93.588585,7.7744293,99.18981,103.54685,4.3570404,56.133423,55.065308,1.0681152,37.601242,38.67221,1.0709686,25.320108,25.683239,0.36313057,52.029747,52.632557,0.6028099,27.50753,28.189003,0.6814728,16.685352,17.483372,0.7980194,31.48429,32.325092,0.84080315,37.698948,38.239788,0.54084015,84.68952,82.87833,1.8111954,69.25847,69.64752,0.38905334
oqyH_veC46ItEB8qeSDlvqg4-GdVD74zXF5Ntiqju_c,693ce25bfdfca6a3e186bceb8c296e44,184.5,1,106.03733,106.48829,0.45095825,85.814156,93.60167,7.7875137,99.18981,103.54931,4.359497,56.133423,55.075302,1.0581207,37.601242,38.6784,1.0771561,25.320108,25.687834,0.36772537,52.029747,52.638847,0.60910034,27.50753,28.197117,0.68958664,16.685352,17.485575,0.8002224,31.48429,32.330067,0.8457775,37.698948,38.24649,0.5475426,84.68952,82.893,1.796524,69.25847,69.66462,0.40615082
oqyH_veC46ItEB8qeSDlvqg4-GdVD74zXF5Ntiqju_c,99a13c06e65566ff831fbfb760660315,184.5,1,106.03733,106.49391,0.45658112,85.814156,93.5984,7.7842407,99.18981,103.55115,4.3613358,56.133423,55.075966,1.057457,37.601242,38.679173,1.0779305,25.320108,25.685995,0.3658867,52.029747,52.638847,0.60910034,27.50753,28.194412,0.686882,16.685352,17.48484,0.79948807,31.48429,32.330067,0.8457775,37.698948,38.24649,0.5475426,84.68952,82.89055,1.7989731,69.25847,69.65974,0.401268
oqyH_veC46ItEB8qeSDlvqg4-GdVD74zXF5Ntiqju_c,e87604f2d0e3a49655dcd2b080b9d784,184.5,1,106.03733,106.47705,0.43972015,85.814156,93.58204,7.7678833,99.18981,103.53733,4.347519,56.133423,55.063972,1.0694504,37.601242,38.67144,1.070198,25.320108,25.68232,0.36221123,52.029747,52.630985,0.60123825,27.50753,28.184948,0.67741776,16.685352,17.481167,0.7958145,31.48429,32.323105,0.8388157,37.698948,38.238445,0.5394974,84.68952,82.87588,1.8136444,69.25847,69.6402,0.38172913
R_Xg4Nh-OYq6AJspZUtA0VXq04NHInTcUqlNXvVr1iE,87d0788723c8d81cd8347b81b0741b9b,167.8,0,89.07584,97.50403,8.4281845,80.63896,84.14822,3.5092545,98.0401,98.60369,0.563591,50.674873,52.165054,1.490181,36.452747,36.036358,0.41638947,22.162619,22.97036,0.80774117,48.743523,47.22581,1.5177116,24.616903,25.141264,0.52436066,15.060181,15.768566,0.70838547,27.45413,29.249443,1.7953129,32.542027,34.001476,1.4594498,79.34903,74.74054,4.60849,60.091522,61.098766,1.0072441
ZhiRUMDjqw1Ngth9OVvEs3Ww5a0DePs8Red70zbdt8s,2b26266b91e78943ce80ad5cd6a72e03,164.0,0,88.39566,96.247856,7.8521957,79.731026,83.00987,3.2788467,92.23033,97.98948,5.7591476,43.985847,51.827927,7.842079,31.505648,35.707745,4.202097,23.746113,22.622978,1.1231346,47.14801,46.485313,0.66269684,24.09744,24.762663,0.66522217,17.131596,15.5577965,1.5737991,25.821938,28.80779,2.9858532,31.165865,33.458447,2.2925816,77.1093,73.652405,3.456894,59.29956,59.994755,0.69519424
XQPQgHelREBwnQgFtuYTglK4y1O-uOrnV_XD7c4OfoQ,8b3a7dece505262fbf42523b0206e2d3,164.0,0,88.63836,96.230995,7.592636,77.20844,82.99679,5.7883453,97.31081,97.977196,0.66638947,49.671883,51.8186,2.146717,34.23983,35.703106,1.4632759,22.525307,22.618383,0.093076706,46.96874,46.48217,0.48656845,23.868805,24.753197,0.8843918,16.08527,15.555593,0.5296774,25.215113,28.801823,3.58671,32.390335,33.453083,1.062748,76.7792,73.64018,3.1390152,58.78891,59.9801,1.1911888
AhtPy8eUpV2vcLu0n2Ml3Tli0oyLRJqXybWmMsm6i48,3f72c1650496769fdc569e36711bbab8,176.5,0,92.07782,101.15239,9.07457,76.887344,87.81838,10.931038,98.109116,100.60478,2.4956665,51.276432,53.330353,2.0539207,35.96099,37.08115,1.1201591,23.27768,24.060404,0.7827244,49.864395,49.43827,0.42612457,23.868351,26.389803,2.521452,15.600369,16.44696,0.846591,27.634562,30.547401,2.91284,34.61299,35.704224,1.0912323,80.768135,78.1318,2.6363373,64.05744,64.57414,0.51670074
AhtPy8eUpV2vcLu0n2Ml3Tli0oyLRJqXybWmMsm6i48,ea36c2ad20f779dce4f7dc33f324d6cd,176.5,0,92.07782,101.15661,9.078789,76.887344,87.82492,10.937576,98.109116,100.61215,2.5030365,51.276432,53.333683,2.057251,35.96099,37.082504,1.1215134,23.27768,24.06075,0.7830696,49.864395,49.43935,0.425045,23.868351,26.393353,2.5250015,15.600369,16.448063,0.84769344,27.634562,30.549547,2.9149857,34.61299,35.70649,1.0934982,80.768135,78.13561,2.6325226,64.05744,64.57872,0.5212784
wI9uiIebpGwG8SPPz4OvQbeNmnjoo9usVaFVBmE77KQ,44e8117ee268e34103fc36ff527ac7e6,166.9,0,83.46874,97.20052,13.731781,73.667625,83.87017,10.202545,94.65207,98.4661,3.8140335,48.30777,52.101093,3.7933235,35.4514,35.960583,0.509182,23.976515,22.88765,1.0888653,48.481415,47.040295,1.4411201,23.790775,25.061487,1.2707119,15.732326,15.717159,0.015166283,25.339214,29.146986,3.8077717,31.092701,33.871418,2.778717,75.9587,74.488686,1.4700165,61.27096,60.83986,0.43110275
o22WPLRUOVf1tlPThlczPc5xAAx1WMdRP-Xn_MhHUGI,e3dd90059157e67fcad1ce119b22c46b,184.5,1,99.08809,106.48829,7.4002,83.16023,93.5984,10.438164,100.86542,103.544395,2.678978,54.693512,55.073967,0.38045502,36.612675,38.676853,2.0641785,24.993177,25.685995,0.6928177,53.488018,52.637276,0.85074234,27.233961,28.191708,0.9577465,17.115356,17.484106,0.36874962,31.304403,32.330067,1.0256634,36.370026,38.24515,1.8751259,84.509415,82.89055,1.618866,68.908134,69.657295,0.74916077
o22WPLRUOVf1tlPThlczPc5xAAx1WMdRP-Xn_MhHUGI,b7e97aeaf32450addfe90a0797d9724d,184.5,1,99.08809,106.50515,7.417061,83.16023,93.61148,10.451248,100.86542,103.559135,2.693718,54.693512,55.083294,0.38978195,36.612675,38.680717,2.0680428,24.993177,25.69059,0.6974125,53.488018,52.645134,0.84288406,27.233961,28.19847,0.96450806,17.115356,17.487043,0.37168694,31.304403,32.334045,1.0296421,36.370026,38.25051,1.8804855,84.509415,82.90278,1.606636,68.908134,69.67195,0.76381683
nMMHWDost2iUl31BLvWh4NSJXHyJYOwmCtahSJmyiSI,2cd358cf241e1ee960a410317c83438c,165.3,0,89.5429,96.64972,7.106819,72.55919,83.376236,10.817047,90.54531,98.181114,7.635803,48.956356,51.93586,2.9795036,35.8541,35.811356,0.042743683,23.06046,22.736935,0.32352448,49.075516,46.729,2.3465157,22.272331,24.885708,2.6133766,14.47492,15.6253605,1.1504402,23.835045,28.94904,5.1139946,32.847042,33.634094,0.78705215,77.57268,74.011856,3.5608215,58.03421,60.36357,2.329361
DO150kWLqQFZY4oWd07i0jg7BCyn-2CVxybcFrkRJok,89f7337c46c598e0cd4ed89f31b2bcf0,174.75,1,94.118034,103.03875,8.920715,78.7913,89.83807,11.046776,95.271194,101.37254,6.101349,51.873695,53.876358,2.0026627,38.910694,37.623165,1.287529,25.194159,24.6195,0.57465935,49.741722,50.528187,0.7864647,26.18083,26.980522,0.79969215,16.240582,16.79543,0.5548477,26.209414,31.17222,4.9628067,36.33437,36.5993,0.26493073,76.27735,79.69828,3.420929,66.4183,66.308624,0.10967255
DO150kWLqQFZY4oWd07i0jg7BCyn-2CVxybcFrkRJok,e8715afe27a1762ab20351b322127821,174.75,1,94.118034,103.037346,8.919312,78.7913,89.839096,11.047798,95.271194,101.37254,6.101349,51.873695,53.874523,2.0008278,38.910694,37.622585,1.2881088,25.194159,24.620419,0.57374,49.741722,50.52976,0.78803635,26.18083,26.980185,0.79935455,16.240582,16.795843,0.5552616,26.209414,31.171724,4.962311,36.33437,36.598633,0.26426315,76.27735,79.69828,3.420929,66.4183,66.309845,0.10845184
DO150kWLqQFZY4oWd07i0jg7BCyn-2CVxybcFrkRJok,facb37337a21e8be2e0452a2e33779ac,174.75,1,94.118034,103.03313,8.915092,78.7913,89.82949,11.038193,95.271194,101.371315,6.1001205,51.873695,53.87319,1.9994965,38.910694,37.622395,1.2882996,25.194159,24.617203,0.5769558,49.741722,50.52347,0.7817497,26.18083,26.978495,0.79766464,16.240582,16.794374,0.55379295,26.209414,31.169237,4.9598236,36.33437,36.59662,0.262249,76.27735,79.68972,3.4123688,66.4183,66.30251,0.11578369
DO150kWLqQFZY4oWd07i0jg7BCyn-2CVxybcFrkRJok,d182d7a635b4d8dc04b1f61ce03ad773,174.75,1,94.118034,103.03313,8.915092,78.7913,89.82949,11.038193,95.271194,101.371315,6.1001205,51.873695,53.87319,1.9994965,38.910694,37.622395,1.2882996,25.194159,24.617203,0.5769558,49.741722,50.52347,0.7817497,26.18083,26.978495,0.79766464,16.240582,16.794374,0.55379295,26.209414,31.169237,4.9598236,36.33437,36.59662,0.262249,76.27735,79.68972,3.4123688,66.4183,66.30251,0.11578369
vTUMTWfXk8YXmiaksxKYyFQNIi0ThhUPaIoydVb21cY,a223b373d2bf209b82ed4000dbe9bd22,175.0,1,95.31344,103.16732,7.853882,79.59797,89.963806,10.365837,98.885666,101.44134,2.5556717,52.455833,53.908005,1.4521713,37.69806,37.656994,0.041065216,26.813847,24.654192,2.1596546,48.908176,50.60051,1.6923332,26.27043,27.019396,0.7489662,16.833698,16.81737,0.016328812,29.064625,31.213005,2.1483803,34.47478,36.6583,2.1835175,77.71469,79.79732,2.0826263,67.43915,66.41609,1.023056
vTUMTWfXk8YXmiaksxKYyFQNIi0ThhUPaIoydVb21cY,e1fad200fb5be2107063b2a87a16b408,175.0,1,95.31344,103.16732,7.853882,79.59797,89.96217,10.364204,98.885666,101.44625,2.560585,52.455833,53.912334,1.456501,37.69806,37.65738,0.04067993,26.813847,24.654192,2.1596546,48.908176,50.599724,1.6915474,26.27043,27.021425,0.75099564,16.833698,16.818472,0.015226364,29.064625,31.213005,2.1483803,34.47478,36.6583,2.1835175,77.71469,79.79854,2.083847,67.43915,66.41853,1.0206146
wJ6EIiaq6fF357kTbqLVwrFTMl8jXk0rjW4MUbmJDX0,e5223566d1430688be92cd9318e35c83,164.3,0,91.04908,96.32092,5.271843,75.669876,83.075294,7.4054184,94.08495,98.021416,3.9364624,48.65715,51.84125,3.184101,33.346798,35.726303,2.3795052,22.27857,22.643196,0.36462593,48.61661,46.530907,2.0857048,23.07742,24.782946,1.7055264,14.648781,15.571015,0.92223454,25.39875,28.830667,3.4319172,31.991978,33.489285,1.4973068,76.64627,73.71354,2.9327316,58.123478,60.058258,1.9347801
6MP7BRnpZvShtyTR6BH1pHChF47m7ePY1qc1SVTzdOs,b17d5e7caecbd314a399422a2220254b,163.0,0,87.84443,95.94436,8.09993,76.95565,82.748184,5.792534,97.65156,97.83715,0.18559265,51.67953,51.73465,0.05511856,34.04923,35.62733,1.5781021,20.988466,22.541187,1.552721,47.102547,46.31866,0.78388596,23.571157,24.665308,1.0941505,14.188697,15.508592,1.3198948,29.561262,28.697376,0.8638859,32.709133,33.33107,0.6219368,75.15489,73.39321,1.7616806,58.617935,59.735847,1.1179123
6MP7BRnpZvShtyTR6BH1pHChF47m7ePY1qc1SVTzdOs,e145b46ef136b43bcea944a27382ceb3,163.0,0,87.84443,95.9556,8.111168,76.95565,82.75473,5.79908,97.65156,97.846985,0.19542694,51.67953,51.73465,0.05511856,34.04923,35.62733,1.5781021,20.988466,22.542107,1.5536404,47.102547,46.321804,0.78074265,23.571157,24.669365,1.0982075,14.188697,15.51006,1.3213634,29.561262,28.700361,0.8609009,32.709133,33.33107,0.6219368,75.15489,73.39566,1.7592316,58.617935,59.740734,1.1227989
5Li2x2DhznZOejXxWW2A17_zLn3imkjLXfa5WzvIeUE,300230731e1be922275bde818953d13d,171.75,1,100.81284,101.75448,0.94163513,83.245575,88.454605,5.20903,95.10138,100.602325,5.500946,49.426548,53.440952,4.0144043,36.731762,37.23792,0.5061569,22.854246,24.225658,1.3714123,49.152443,49.73669,0.5842476,26.48198,26.529877,0.04789734,15.489468,16.544727,1.0552597,28.482595,30.723482,2.2408867,36.25473,35.984287,0.27044296,77.06916,78.48964,1.4204788,67.19521,65.05577,2.1394424
5Li2x2DhznZOejXxWW2A17_zLn3imkjLXfa5WzvIeUE,2c5478e87ada42bf1272aedf1c2ff64f,171.75,1,100.81284,101.75167,0.9388275,83.245575,88.44316,5.197586,95.10138,100.60355,5.5021744,49.426548,53.433624,4.0070763,36.731762,37.235016,0.50325394,22.854246,24.222881,1.3686352,49.152443,49.733154,0.58071136,26.48198,26.523455,0.041475296,15.489468,16.542248,1.0527802,28.482595,30.720621,2.2380257,36.25473,35.97884,0.27589035,77.06916,78.47826,1.4090958,67.19521,65.0434,2.1518097
5Li2x2DhznZOejXxWW2A17_zLn3imkjLXfa5WzvIeUE,a520ac7a139da05f0e0263fa40786617,171.75,1,100.81284,101.769585,0.95674133,83.245575,88.47096,5.2253876,95.10138,100.62198,5.5205994,49.426548,53.435623,4.009075,36.731762,37.236855,0.5050926,22.854246,24.226686,1.3724403,49.152443,49.743275,0.59083176,26.48198,26.533089,0.051109314,15.489468,16.547573,1.0581055,28.482595,30.732061,2.249466,36.25473,35.988644,0.26608658,77.06916,78.49797,1.4288101,67.19521,65.063095,2.1321182
5Li2x2DhznZOejXxWW2A17_zLn3imkjLXfa5WzvIeUE,7775853dd77cc8a0126ab6c4febd4fd6,171.75,1,100.81284,101.79347,0.98062897,83.245575,88.49386,5.2482834,95.10138,100.63673,5.535347,49.426548,53.454945,4.0283966,36.731762,37.24787,0.51610947,22.854246,24.233692,1.379446,49.152443,49.752216,0.5997734,26.48198,26.547201,0.06522179,15.489468,16.551062,1.061594,28.482595,30.740267,2.2576714,36.25473,36.000546,0.25418472,77.06916,78.51906,1.4498978,67.19521,65.08501,2.1102066
5Li2x2DhznZOejXxWW2A17_zLn3imkjLXfa5WzvIeUE,c31c9c238a5319f48d41eaacf121c979,171.75,1,100.81284,101.79347,0.98062897,83.245575,88.49386,5.2482834,95.10138,100.63673,5.535347,49.426548,53.454945,4.0283966,36.731762,37.24787,0.51610947,22.854246,24.233692,1.379446,49.152443,49.752216,0.5997734,26.48198,26.547201,0.06522179,15.489468,16.551062,1.061594,28.482595,30.740267,2.2576714,36.25473,36.000546,0.25418472,77.06916,78.51906,1.4498978,67.19521,65.08501,2.1102066
jdzOAe8rM_L8GfeiqwYr9xgWfIuoC7G6TmENCBf1xvU,18fb0d9dfcfae96993ca2ff568ba86a0,164.8,0,94.1858,96.49235,2.306549,79.443405,83.22577,3.782364,93.99867,98.10004,4.101364,50.23144,51.890556,1.6591148,34.085407,35.77115,1.6857414,22.427393,22.691902,0.2645092,48.16563,46.631527,1.5341034,23.13369,24.83703,1.7033405,14.689744,15.598187,0.90844345,27.3961,28.89035,1.4942513,33.114586,33.56303,0.44844437,80.412,73.86759,6.5444107,59.03118,60.214577,1.1833954
dx4U9AbZLiHj6R0G_NVAZDWQyZYuhiR7AstECCFnlSs,1f86d714c361dbfc772bb3e78a1632fa,160.5,0,94.94504,95.28114,0.33610535,78.20207,82.18556,3.98349,93.59409,97.542336,3.9482422,49.10544,51.56275,2.4573135,35.387238,35.461864,0.07462692,21.002419,22.361982,1.3595638,47.517754,45.93819,1.5795631,22.374989,24.467896,2.092907,14.039405,15.40284,1.3634348,26.485964,28.462626,1.9766617,32.15053,33.05218,0.9016495,76.40652,72.82591,3.5806046,58.03531,59.159416,1.1241074
dx4U9AbZLiHj6R0G_NVAZDWQyZYuhiR7AstECCFnlSs,d26eafad778d8a39ced93fc3facee0d2,160.5,0,94.94504,95.27553,0.3304901,78.20207,82.19865,3.9965744,93.59409,97.542336,3.9482422,49.10544,51.55609,2.450653,35.387238,35.457226,0.06998825,21.002419,22.362902,1.3604832,47.517754,45.941338,1.576416,22.374989,24.47195,2.096962,14.039405,15.404308,1.3649035,26.485964,28.460636,1.9746723,32.15053,33.05218,0.9016495,76.40652,72.83569,3.5708237,58.03531,59.16919,1.1338806
dx4U9AbZLiHj6R0G_NVAZDWQyZYuhiR7AstECCFnlSs,062af5169e1e3e3f76162826166dd883,160.5,0,94.94504,95.30925,0.36421204,78.20207,82.21827,4.016197,93.59409,97.557076,3.9629822,49.10544,51.56675,2.4613113,35.387238,35.46032,0.07308197,21.002419,22.367496,1.365078,47.517754,45.953915,1.563839,22.374989,24.476007,2.101019,14.039405,15.40798,1.3685751,26.485964,28.474562,1.9885979,32.15053,33.06291,0.9123764,76.40652,72.850365,3.5561523,58.03531,59.18384,1.1485329
dx4U9AbZLiHj6R0G_NVAZDWQyZYuhiR7AstECCFnlSs,3c0eb58cef493ebf3d169ddc35823e63,160.5,0,94.94504,95.30925,0.36421204,78.20207,82.21827,4.016197,93.59409,97.557076,3.9629822,49.10544,51.56675,2.4613113,35.387238,35.463413,0.07617569,21.002419,22.368416,1.3659973,47.517754,45.95077,1.5669823,22.374989,24.478712,2.1037235,14.039405,15.40798,1.3685751,26.485964,28.476551,1.9905872,32.15053,33.06559,0.91505814,76.40652,72.850365,3.5561523,58.03531,59.18873,1.1534195
IaTbCFs4sdnWmB8bXOiGcUq55LAW3OvrB4QCGvpVjMU,8d1793880a92f5506317c0ea181d5ec6,174.2,0,91.08834,100.12456,9.036217,80.48579,86.75201,6.26622,96.85829,100.01883,3.1605377,51.95285,53.005215,1.0523643,34.765354,36.779793,2.0144386,21.805609,23.754494,1.948885,49.258907,48.812542,0.44636536,24.569405,26.036724,1.4673195,14.534959,16.251062,1.7161036,28.407093,30.18646,1.7793674,32.947052,35.216587,2.269535,81.193565,77.17662,4.016945,63.390053,63.595,0.20494843
srU1eubj5ULw4Y7MtBKwsu2tWtaUfME6nFF6iczt9hM,618d12dca61ed93add8f4800aca93cbe,162.5,0,93.10293,95.80946,2.7065353,77.65591,82.63043,4.9745255,96.4106,97.783104,1.3725052,46.80632,51.701336,4.8950157,31.753006,35.591763,3.8387566,20.418428,22.50259,2.0841618,48.282974,46.24005,2.042923,22.391256,24.624744,2.233488,14.551388,15.485826,0.93443775,26.50422,28.65162,2.1474018,31.58933,33.272076,1.682745,76.928925,73.27584,3.6530838,58.844677,59.608837,0.76416016
mS42ublMqtTjVWM-sw8on9NbezTgnSeBQSqv7IXUOss,78136316c651157e8ab737714450d080,156.5,0,97.90146,94.46056,3.440895,82.11317,81.55751,0.55565643,91.61695,97.19837,5.581421,43.727154,51.36154,7.634388,31.167662,35.259285,4.0916233,20.591726,22.151533,1.5598068,45.584396,45.482258,0.10213852,22.184685,24.244791,2.0601063,15.034904,15.286806,0.25190258,25.370354,28.176147,2.8057938,32.02252,32.72502,0.7025032,71.340614,72.160805,0.8201904,57.313023,58.485287,1.1722641
fXGd__IePZib86LwRbqUjSqYohYbZ0-AVQHIM-NVhI0,2893b2913a2d3010e6711494df3addd7,165.0,0,86.42533,96.55418,10.128845,77.341576,83.27811,5.936531,94.75022,98.13197,3.381752,50.109917,51.90921,1.7992935,32.628445,35.78352,3.155075,23.21789,22.707525,0.51036453,49.438854,46.66926,2.769596,22.453323,24.850552,2.3972282,14.865348,15.607,0.7416525,25.811022,28.910246,3.099224,32.210064,33.588505,1.3784409,79.3693,73.91405,5.4552536,58.357452,60.265873,1.9084206
3fV__g7Y3uKSeOKgi9SPbbas0V0kidmnE4S4CB4itII,3e0fea828136af3dea28cc3fd0d01c84,161.6,1,92.887726,97.5518,4.6640778,76.0428,84.22345,8.180649,94.36646,98.34326,3.976799,49.04452,52.10243,3.057907,37.074154,36.035583,1.0385704,23.645784,22.972197,0.6735878,50.562492,47.18808,3.3744125,24.993908,25.11287,0.118961334,15.999485,15.767097,0.23238754,26.08575,29.243473,3.1577225,36.413868,34.029633,2.3842354,73.32821,74.61584,1.2876282,62.868538,61.06457,1.8039665
3fV__g7Y3uKSeOKgi9SPbbas0V0kidmnE4S4CB4itII,9bbbb8c6a504894da795b58179ea2222,161.6,1,92.887726,97.568665,4.6809387,76.0428,84.24962,8.206818,94.36646,98.355545,3.9890823,49.04452,52.117085,3.0725632,37.074154,36.04254,1.0316124,23.645784,22.97771,0.66807365,50.562492,47.194366,3.368126,24.993908,25.123686,0.12977791,15.999485,15.768566,0.23091888,26.08575,29.253422,3.1676712,36.413868,34.03902,2.3748474,73.32821,74.63295,1.3047409,62.868538,61.079224,1.7893143
3fV__g7Y3uKSeOKgi9SPbbas0V0kidmnE4S4CB4itII,1d3719abace72549223e1c329ac0ad1b,161.6,1,92.887726,97.560234,4.6725082,76.0428,84.24307,8.200272,94.36646,98.35063,3.984169,49.04452,52.115753,3.0712318,37.074154,36.040997,1.0331573,23.645784,22.976791,0.668993,50.562492,47.191223,3.3712692,24.993908,25.123686,0.12977791,15.999485,15.767832,0.23165321,26.08575,29.249443,3.1636925,36.413868,34.03902,2.3748474,73.32821,74.63051,1.3022995,62.868538,61.076782,1.7917557
3fV__g7Y3uKSeOKgi9SPbbas0V0kidmnE4S4CB4itII,e415fba95c3324960589c24f0125a893,161.6,1,92.887726,97.54899,4.6612625,76.0428,84.22345,8.180649,94.36646,98.36046,3.9939957,49.04452,52.118416,3.0738945,37.074154,36.036358,1.037796,23.645784,22.973116,0.67266846,50.562492,47.18179,3.380703,24.993908,25.120981,0.12707329,15.999485,15.765629,0.2338562,26.08575,29.243473,3.1577225,36.413868,34.032314,2.3815536,73.32821,74.61828,1.2900696,62.868538,61.062126,1.8064117
3fV__g7Y3uKSeOKgi9SPbbas0V0kidmnE4S4CB4itII,e3d39f427caae40791d3b2660bec1eca,161.6,1,92.887726,97.5518,4.6640778,76.0428,84.22018,8.177376,94.36646,98.348175,3.9817123,49.04452,52.115753,3.0712318,37.074154,36.035583,1.0385704,23.645784,22.973116,0.67266846,50.562492,47.18651,3.3759842,24.993908,25.116926,0.123018265,15.999485,15.765629,0.2338562,26.08575,29.243473,3.1577225,36.413868,34.033657,2.3802109,73.32821,74.62073,1.2925186,62.868538,61.06457,1.8039665
3fV__g7Y3uKSeOKgi9SPbbas0V0kidmnE4S4CB4itII,0f805b0f74211361e3d196564ecca2d2,161.6,1,92.887726,97.57147,4.6837463,76.0428,84.25289,8.210091,94.36646,98.358,3.991539,49.04452,52.11975,3.0752296,37.074154,36.043316,1.030838,23.645784,22.980469,0.6653156,50.562492,47.199085,3.3634071,24.993908,25.129095,0.13518715,15.999485,15.770035,0.22945023,26.08575,29.254416,3.168665,36.413868,34.044384,2.369484,73.32821,74.64518,1.3169708,62.868538,61.09388,1.7746582
3fV__g7Y3uKSeOKgi9SPbbas0V0kidmnE4S4CB4itII,265a2e53c7a60f6a4c69fa2e57dcaced,161.6,1,92.887726,97.54899,4.6612625,76.0428,84.229996,8.187195,94.36646,98.348175,3.9817123,49.04452,52.111755,3.067234,37.074154,36.03713,1.0370255,23.645784,22.972197,0.6735878,50.562492,47.183365,3.3791275,24.993908,25.116926,0.123018265,15.999485,15.7648945,0.23459053,26.08575,29.244469,3.158718,36.413868,34.033657,2.3802109,73.32821,74.61095,1.2827377,62.868538,61.059685,1.8088531
3fV__g7Y3uKSeOKgi9SPbbas0V0kidmnE4S4CB4itII,fde7fa244bdcadfe0101e8f3048e1c46,161.6,1,92.887726,97.56304,4.675316,76.0428,84.23981,8.197006,94.36646,98.35309,3.9866257,49.04452,52.121082,3.076561,37.074154,36.04177,1.032383,23.645784,22.975872,0.66991234,50.562492,47.18808,3.3744125,24.993908,25.123686,0.12977791,15.999485,15.767097,0.23238754,26.08575,29.253422,3.1676712,36.413868,34.03902,2.3748474,73.32821,74.62806,1.2998505,62.868538,61.07434,1.7941971
3fV__g7Y3uKSeOKgi9SPbbas0V0kidmnE4S4CB4itII,9546f30e1dcd5c6040756d7c974e2b49,161.6,1,92.887726,97.568665,4.6809387,76.0428,84.246346,8.203545,94.36646,98.36537,3.998909,49.04452,52.12375,3.0792274,37.074154,36.043316,1.030838,23.645784,22.97771,0.66807365,50.562492,47.192795,3.3696976,24.993908,25.127743,0.13383484,15.999485,15.768566,0.23091888,26.08575,29.255411,3.1696606,36.413868,34.04304,2.3708267,73.32821,74.6354,1.30719,62.868538,61.08167,1.786869
3fV__g7Y3uKSeOKgi9SPbbas0V0kidmnE4S4CB4itII,ea0e55af1d516b21869748f52d38da41,161.6,1,92.887726,97.57428,4.686554,76.0428,84.256165,8.213364,94.36646,98.362915,3.9964523,49.04452,52.122414,3.0778923,37.074154,36.043316,1.030838,23.645784,22.97771,0.66807365,50.562492,47.197514,3.3649788,24.993908,25.12639,0.13248253,15.999485,15.768566,0.23091888,26.08575,29.25939,3.1736393,36.413868,34.044384,2.369484,73.32821,74.64029,1.3120804,62.868538,61.08411,1.7844276
3fV__g7Y3uKSeOKgi9SPbbas0V0kidmnE4S4CB4itII,f4050bf3fce53a8bfe27894e544a805c,161.6,1,92.887726,97.55742,4.669693,76.0428,84.23326,8.19046,94.36646,98.355545,3.9890823,49.04452,52.10509,3.0605698,37.074154,36.03481,1.0393448,23.645784,22.972197,0.6735878,50.562492,47.192795,3.3696976,24.993908,25.116926,0.123018265,15.999485,15.765629,0.2338562,26.08575,29.245464,3.1597137,36.413868,34.03634,2.3775291,73.32821,74.61828,1.2900696,62.868538,61.062126,1.8064117
3fV__g7Y3uKSeOKgi9SPbbas0V0kidmnE4S4CB4itII,32aafc48e88412fb54291cc4537ae2d9,161.6,1,92.887726,97.560234,4.6725082,76.0428,84.24307,8.200272,94.36646,98.35309,3.9866257,49.04452,52.117085,3.0725632,37.074154,36.040997,1.0331573,23.645784,22.97771,0.66807365,50.562492,47.192795,3.3696976,24.993908,25.12639,0.13248253,15.999485,15.7693,0.23018456,26.08575,29.250437,3.1646862,36.413868,34.03902,2.3748474,73.32821,74.63295,1.3047409,62.868538,61.08167,1.786869
vNlwWGtfiLjEZWc0BgWoeM6Bcbr6ZtdORMQSCuEovfI,9145a2369c84cf86fa4989d0dcb92313,165.75,0,88.122055,96.80709,8.685036,78.19837,83.513626,5.315254,98.25669,98.26464,0.007949829,49.537292,51.986496,2.4492035,35.49224,35.853107,0.36086655,21.89379,22.780127,0.8863373,47.231556,46.8139,0.41765594,22.881426,24.93709,2.055664,15.162401,15.651064,0.48866272,25.235912,29.008722,3.77281,34.08945,33.702477,0.38697433,75.18097,74.15124,1.0297318,60.371746,60.50035,0.12860489
vNlwWGtfiLjEZWc0BgWoeM6Bcbr6ZtdORMQSCuEovfI,6d10659246323e375d3e14fc529fe906,165.75,0,88.122055,96.80428,8.682228,78.19837,83.51035,5.311981,98.25669,98.269554,0.012863159,49.537292,51.9825,2.4452057,35.49224,35.852333,0.36009216,21.89379,22.779207,0.88541794,47.231556,46.8139,0.41765594,22.881426,24.93709,2.055664,15.162401,15.651798,0.48939705,25.235912,29.005737,3.769825,34.08945,33.701134,0.3883171,75.18097,74.148796,1.0321732,60.371746,60.50035,0.12860489
vNlwWGtfiLjEZWc0BgWoeM6Bcbr6ZtdORMQSCuEovfI,7192e6993fc680562a381a1e5ddf2560,165.75,0,88.122055,96.79585,8.673798,78.19837,83.50054,5.30217,98.25669,98.25727,0.000579834,49.537292,51.974503,2.43721,35.49224,35.849243,0.35700226,21.89379,22.774612,0.88082314,47.231556,46.80918,0.42237473,22.881426,24.928976,2.0475502,15.162401,15.649595,0.48719406,25.235912,28.99977,3.763857,34.08945,33.69577,0.39368057,75.18097,74.129234,1.0517349,60.371746,60.480812,0.10906601
vNlwWGtfiLjEZWc0BgWoeM6Bcbr6ZtdORMQSCuEovfI,e6617e61170d4bff18c83e45a7c30c6a,165.75,0,88.122055,96.801476,8.67942,78.19837,83.50381,5.305435,98.25669,98.254814,0.001876831,49.537292,51.975838,2.4385452,35.49224,35.850014,0.35777283,21.89379,22.778288,0.8844986,47.231556,46.817043,0.41451263,22.881426,24.928976,2.0475502,15.162401,15.65033,0.4879284,25.235912,29.000765,3.7648525,34.08945,33.697113,0.3923378,75.18097,74.14146,1.0395126,60.371746,60.493023,0.121276855
vPGGI_Lz5wep4ejoZaE88tytVmP1T_qOEZNtcjmxwT4,880364ce015e81ab5a2e468a71cb632a,164.2,0,89.85312,96.29845,6.4453278,75.8894,83.05567,7.166275,93.79954,98.00913,4.2095947,50.66595,51.838585,1.1726341,34.390976,35.720116,1.3291397,21.981447,22.636763,0.6553154,49.494923,46.5199,2.9750214,24.24694,24.774832,0.52789116,15.524402,15.56514,0.040738106,25.707056,28.8247,3.1176434,34.191658,33.4799,0.71175766,77.53291,73.69887,3.8340454,58.284584,60.04116,1.7565765
f_1_PpS5zJTfwdV7c_wdLRNRFeMVKc-ZYCKQzjRbFAc,61a86b1a125c4501d9ee15bd716e1d1e,170.0,1,100.02981,100.99081,0.96099854,78.45903,87.66137,9.202339,96.03302,100.17852,4.1455,51.99592,53.18244,1.1865234,32.738483,37.00905,4.270565,22.829643,23.992285,1.1626415,49.959297,49.267883,0.6914139,27.1404,26.267265,0.8731346,16.333422,16.399042,0.06562042,31.252808,30.45895,0.7938576,35.804092,35.621178,0.18291473,78.937744,77.77663,1.1611176,61.173706,64.316765,3.1430588
f_1_PpS5zJTfwdV7c_wdLRNRFeMVKc-ZYCKQzjRbFAc,1c24aeeb0a2442893fcdb8b41b899c4d,170.0,1,100.02981,100.98869,0.9588852,78.45903,87.65319,9.19416,96.03302,100.16869,4.1356735,51.99592,53.183773,1.1878548,32.738483,37.00905,4.270565,22.829643,23.991594,1.1619511,49.959297,49.26592,0.69337845,27.1404,26.26439,0.876009,16.333422,16.397573,0.064151764,31.252808,30.457148,0.79566,35.804092,35.620342,0.18375015,78.937744,77.77051,1.1672363,61.173706,64.31065,3.1369476
QScXtldfJ1arhceGOcY92H3vhIyajsSdzOOCEp6zZc8,cb129ace197252d23590d26b43f24bb4,187.6,1,98.64519,107.19366,8.54847,81.75798,94.39,12.632019,98.765724,104.052345,5.286621,52.542675,55.329147,2.7864723,34.367718,38.897987,4.5302696,24.902102,25.914825,1.0127239,56.067318,53.075912,2.9914055,28.02219,28.45132,0.42913055,17.641468,17.634655,0.0068130493,31.478058,32.56581,1.0877533,40.027435,38.584373,1.4430618,88.909615,83.55566,5.353958,69.799835,70.365616,0.56578064
EiIlFN1kdDC4IuIIEaEOUsCL3sfvPUkvsRXER8kWg2k,32b7a13e7f531a3f082103a9cf2c7d4f,174.5,0,89.49823,100.24399,10.745758,82.128334,86.87794,4.7496033,99.66524,100.087616,0.42237854,50.672882,53.0352,2.3623161,34.62585,36.813427,2.1875763,23.786608,23.790335,0.0037269592,49.038914,48.888004,0.15090942,23.41469,26.078302,2.6636124,15.37459,16.274563,0.8999729,26.897947,30.225006,3.3270588,34.73983,35.276253,0.5364227,80.08584,77.29094,2.794899,64.41669,63.715904,0.7007828
EiIlFN1kdDC4IuIIEaEOUsCL3sfvPUkvsRXER8kWg2k,72c71cc3d239e2e224f30a9a39f1d080,174.5,0,89.49823,100.27068,10.772453,82.128334,86.90084,4.7725067,99.66524,100.11465,0.44940948,50.672882,53.04919,2.3763084,34.62585,36.82116,2.1953087,23.786608,23.79493,0.008321762,49.038914,48.896652,0.1422615,23.41469,26.090134,2.6754436,15.37459,16.279335,0.9047451,26.897947,30.23943,3.3414822,34.73983,35.28497,0.5451393,80.08584,77.31172,2.7741165,64.41669,63.73178,0.684906
EHvGjGPbMe-9c5RQM9QVBebxCQhJ3r9Ic1RnQdCuS_o,f57c08dd70242cd53008087dd4048261,164.0,0,93.59921,96.23662,2.6374054,77.56655,82.99025,5.4236984,89.62042,97.97965,8.35923,47.699013,51.81993,4.1209183,34.553272,35.70465,1.1513786,22.355453,22.619303,0.26384926,46.70976,46.48374,0.226017,23.30379,24.751846,1.4480572,15.554972,15.554858,0.000113487244,26.129938,28.796848,2.6669102,31.670341,33.449062,1.7787209,74.80662,73.63773,1.1688843,60.606647,59.984985,0.62166214
EHvGjGPbMe-9c5RQM9QVBebxCQhJ3r9Ic1RnQdCuS_o,69ba8e54e15e319184d22256aac51044,164.0,0,93.59921,96.22538,2.6261673,77.56655,82.99679,5.430237,89.62042,97.969826,8.349403,47.699013,51.806606,4.1075935,34.553272,35.69692,1.1436462,22.355453,22.619303,0.26384926,46.70976,46.49003,0.21973038,23.30379,24.74779,1.4440002,15.554972,15.554124,0.00084781647,26.129938,28.794859,2.6649208,31.670341,33.451744,1.7814026,74.80662,73.64018,1.1664352,60.606647,59.98987,0.6167793
EHvGjGPbMe-9c5RQM9QVBebxCQhJ3r9Ic1RnQdCuS_o,94ceaef37fc46ad437eaa3e52ad03007,164.0,0,93.59921,96.230995,2.6317825,77.56655,82.99025,5.4236984,89.62042,97.98211,8.361687,47.699013,51.817265,4.118252,34.553272,35.70465,1.1513786,22.355453,22.618383,0.26292992,46.70976,46.47745,0.23230743,23.30379,24.755901,1.4521122,15.554972,15.556328,0.0013561249,26.129938,28.797842,2.667904,31.670341,33.451744,1.7814026,74.80662,73.63529,1.1713257,60.606647,59.9801,0.62654877
EHvGjGPbMe-9c5RQM9QVBebxCQhJ3r9Ic1RnQdCuS_o,a463a9a664288200cd91fa4903161bc2,164.0,0,93.59921,96.230995,2.6317825,77.56655,83.003334,5.436783,89.62042,97.97474,8.354317,47.699013,51.815933,4.1169205,34.553272,35.7062,1.1529274,22.355453,22.618383,0.26292992,46.70976,46.479023,0.23073578,23.30379,24.755901,1.4521122,15.554972,15.555593,0.000620842,26.129938,28.799831,2.6698933,31.670341,33.451744,1.7814026,74.80662,73.64018,1.1664352,60.606647,59.9801,0.62654877
EHvGjGPbMe-9c5RQM9QVBebxCQhJ3r9Ic1RnQdCuS_o,f918f1f2c0a0b99868e1903b485cef1b,164.0,0,93.59921,96.23662,2.6374054,77.56655,82.99679,5.430237,89.62042,97.98702,8.3666,47.699013,51.815933,4.1169205,34.553272,35.700012,1.14674,22.355453,22.617464,0.26201057,46.70976,46.48217,0.22758865,23.30379,24.749142,1.4453526,15.554972,15.554124,0.00084781647,26.129938,28.796848,2.6669102,31.670341,33.4504,1.7800598,74.80662,73.6304,1.1762161,60.606647,59.975212,0.6314354
EHvGjGPbMe-9c5RQM9QVBebxCQhJ3r9Ic1RnQdCuS_o,7f6ccf95ae4436ad35db7236151ac9d5,164.0,0,93.59921,96.230995,2.6317825,77.56655,82.99679,5.430237,89.62042,97.97965,8.35923,47.699013,51.8146,4.115589,34.553272,35.70156,1.1482887,22.355453,22.619303,0.26384926,46.70976,46.48374,0.226017,23.30379,24.749142,1.4453526,15.554972,15.554124,0.00084781647,26.129938,28.795853,2.6659145,31.670341,33.4504,1.7800598,74.80662,73.63529,1.1713257,60.606647,59.98254,0.62410736
EHvGjGPbMe-9c5RQM9QVBebxCQhJ3r9Ic1RnQdCuS_o,785957ee721c997e4183f4f1524d5346,164.0,0,93.59921,96.24224,2.6430283,77.56655,83.00987,5.443321,89.62042,97.97965,8.35923,47.699013,51.817265,4.118252,34.553272,35.703106,1.1498337,22.355453,22.622059,0.26660538,46.70976,46.49003,0.21973038,23.30379,24.757254,1.4534645,15.554972,15.556328,0.0013561249,26.129938,28.801823,2.6718845,31.670341,33.457108,1.786766,74.80662,73.64996,1.1566544,60.606647,59.994755,0.6118927
EHvGjGPbMe-9c5RQM9QVBebxCQhJ3r9Ic1RnQdCuS_o,cece32e45020d4cea2f0a51962eabb3b,164.0,0,93.59921,96.24224,2.6430283,77.56655,83.01642,5.4498672,89.62042,97.97965,8.35923,47.699013,51.821262,4.1222496,34.553272,35.7062,1.1529274,22.355453,22.622059,0.26660538,46.70976,46.488457,0.22130203,23.30379,24.758606,1.4548168,15.554972,15.556328,0.0013561249,26.129938,28.805801,2.6758633,31.670341,33.457108,1.786766,74.80662,73.64996,1.1566544,60.606647,59.99231,0.6143379
EHvGjGPbMe-9c5RQM9QVBebxCQhJ3r9Ic1RnQdCuS_o,8848011e0d9fb70c53d2d22d0994ea22,164.0,0,93.59921,96.24224,2.6430283,77.56655,83.003334,5.436783,89.62042,97.99685,8.376427,47.699013,51.81993,4.1209183,34.553272,35.7062,1.1529274,22.355453,22.618383,0.26292992,46.70976,46.48217,0.22758865,23.30379,24.758606,1.4548168,15.554972,15.556328,0.0013561249,26.129938,28.805801,2.6758633,31.670341,33.457108,1.786766,74.80662,73.64018,1.1664352,60.606647,59.98254,0.62410736
EHvGjGPbMe-9c5RQM9QVBebxCQhJ3r9Ic1RnQdCuS_o,bf77b05accc8f64da2f012f7f464b393,164.0,0,93.59921,96.24224,2.6430283,77.56655,83.003334,5.436783,89.62042,97.99439,8.37397,47.699013,51.81993,4.1209183,34.553272,35.7062,1.1529274,22.355453,22.617464,0.26201057,46.70976,46.480595,0.22916412,23.30379,24.755901,1.4521122,15.554972,15.556328,0.0013561249,26.129938,28.805801,2.6758633,31.670341,33.454426,1.7840843,74.80662,73.63529,1.1713257,60.606647,59.977657,0.6289902
gLRWSeb6dMtb4PyJ2oOWeJbCMR0rjm29vXEr3NLba1U,9c70d9aa9664ab475cd47f87185853b8,179.5,1,98.57847,104.946884,6.368416,93.43201,91.88271,1.5492935,100.49875,102.54231,2.0435638,52.34016,54.512306,2.1721458,32.332188,38.19437,5.8621826,22.208193,25.19617,2.987978,53.139465,51.686104,1.4533615,23.817879,27.63327,3.8153915,14.968649,17.16795,2.1993008,28.059841,31.81381,3.7539692,35.75857,37.501,1.7424278,84.08462,81.44052,2.6440964,68.85091,68.12585,0.7250595
gLRWSeb6dMtb4PyJ2oOWeJbCMR0rjm29vXEr3NLba1U,ba931a695076b9ccccf31929387b080f,179.5,1,98.57847,104.948296,6.3698273,93.43201,91.88925,1.5427551,100.49875,102.53954,2.0407944,52.34016,54.52097,2.180809,32.332188,38.19824,5.8660507,22.208193,25.200766,2.9925728,53.139465,51.687675,1.4517899,23.817879,27.639357,3.821478,14.968649,17.169786,2.2011375,28.059841,31.812817,3.7529755,35.75857,37.50368,1.7451096,84.08462,81.44785,2.6367645,68.85091,68.1405,0.71040344
3NqXXy-rq13kLzqPJL253KQvUdWlJsQnuSd3Sd6RQSI,72b1045d8231ab12ce43713bac4f4e90,165.0,0,91.28963,96.556984,5.267357,73.08288,83.29119,10.208313,92.99546,98.13934,5.1438828,52.92332,51.91454,1.0087814,35.008537,35.786613,0.7780762,21.600039,22.711203,1.1111641,45.639248,46.6724,1.0331535,23.92564,24.860018,0.9343777,15.005502,15.609203,0.6037016,28.27733,28.919197,0.6418667,33.493446,33.59387,0.100421906,76.37281,73.93117,2.4416428,59.366493,60.28297,0.9164772
3NqXXy-rq13kLzqPJL253KQvUdWlJsQnuSd3Sd6RQSI,ba3a4ad88a8ddc1678f3cd06fb55e784,165.0,0,91.28963,96.54855,5.2589264,73.08288,83.284645,10.201767,92.99546,98.13197,5.1365128,52.92332,51.901215,1.0221062,35.008537,35.78197,0.7734337,21.600039,22.709364,1.1093254,45.639248,46.673973,1.0347252,23.92564,24.850552,0.9249115,15.005502,15.608469,0.60296726,28.27733,28.912235,0.63490486,33.493446,33.589848,0.096401215,76.37281,73.92139,2.4514236,59.366493,60.273197,0.90670395
t1LgFtJQwjF0iR-F2AVrdzeNojWERTSEnwPfxDQwfkU,2b6a83db8686a8936bcca5627dd06afc,173.0,1,99.89197,102.321266,2.4292984,84.25324,89.053215,4.7999725,93.683624,100.94874,7.265114,46.555515,53.626507,7.0709915,32.65297,37.402336,4.7493668,23.152988,24.393082,1.2400932,50.027424,50.077755,0.050331116,27.434948,26.723867,0.71108055,16.847914,16.652224,0.19569016,31.800234,30.92404,0.876194,37.313175,36.25069,1.0624847,78.444435,79.00628,0.5618439,66.248245,65.58747,0.66077423
t1LgFtJQwjF0iR-F2AVrdzeNojWERTSEnwPfxDQwfkU,1d113525edf9e7cce986fd136cc08431,173.0,1,99.89197,102.32162,2.4296494,84.25324,89.04585,4.79261,93.683624,100.94137,7.257744,46.555515,53.615513,7.0599976,32.65297,37.4011,4.748131,23.152988,24.391474,1.2384853,50.027424,50.07697,0.049545288,27.434948,26.718798,0.7161503,16.847914,16.650341,0.19757271,31.800234,30.917326,0.88290787,37.313175,36.247337,1.0658379,78.444435,78.99772,0.5532837,66.248245,65.57801,0.6702347
EH-2ZQu7BOe3EdDMU6lnma8I2A_IjTFG8k0XRL3KABo,c7af5d7eb64eb9f622c827ddc3791817,179.7,1,99.0482,105.01574,5.967537,86.02308,91.964485,5.9414062,98.06087,102.58223,4.5213623,51.240498,54.54329,3.3027916,35.6676,38.219887,2.552288,24.701122,25.220984,0.5198612,52.4519,51.73012,0.72177887,27.676987,27.664371,0.012615204,16.695206,17.183739,0.48853302,30.614555,31.835693,1.221138,36.715782,37.5372,0.82141876,81.823006,81.50899,0.31401825,68.60579,68.204,0.4017868
EH-2ZQu7BOe3EdDMU6lnma8I2A_IjTFG8k0XRL3KABo,d51e62d29993eb48f69f5087b43b6651,179.7,1,99.0482,105.02698,5.978775,86.02308,91.97594,5.952858,98.06087,102.5939,4.5330353,51.240498,54.55095,3.3104515,35.6676,38.22298,2.5553818,24.701122,25.22282,0.521698,52.4519,51.73484,0.7170601,27.676987,27.669104,0.007883072,16.695206,17.185575,0.4903698,30.614555,31.839672,1.2251167,36.715782,37.542564,0.8267822,81.823006,81.51632,0.3066864,68.60579,68.211334,0.39445496
Bt-NL9ZT5GZxAuA8Xd2pI6oA3ZnjyF5sZ47u3KkkNGE,bf078d7eedc4b94f47dd1e80c0f18161,164.6,1,95.111435,98.70118,3.5897446,76.537285,85.33235,8.795067,91.84508,98.93782,7.092743,51.492115,52.455547,0.9634323,35.722378,36.351826,0.62944794,23.75666,23.306711,0.44994926,46.7437,47.87198,1.1282806,26.58986,25.49147,1.0983906,15.3956,15.970524,0.5749235,30.312956,29.651804,0.6611519,37.393803,34.55255,2.8412514,72.26949,75.65751,3.3880157,63.706547,62.1295,1.5770454
Bt-NL9ZT5GZxAuA8Xd2pI6oA3ZnjyF5sZ47u3KkkNGE,315f89d71f84205e082973d157b6fbae,164.6,1,95.111435,98.687126,3.5756912,76.537285,85.33235,8.795067,91.84508,98.92062,7.0755463,51.492115,52.45155,0.9594345,35.722378,36.352596,0.6302185,23.75666,23.30717,0.4494896,46.7437,47.868835,1.1251373,26.58986,25.490793,1.0990677,15.3956,15.969422,0.573822,30.312956,29.649317,0.66363907,37.393803,34.5492,2.8446045,72.26949,75.65262,3.3831253,63.706547,62.131943,1.574604
Bt-NL9ZT5GZxAuA8Xd2pI6oA3ZnjyF5sZ47u3KkkNGE,0e04785d95b059ed15dc5fef2b749e82,164.6,1,95.111435,98.68432,3.5728836,76.537285,85.32908,8.791794,91.84508,98.91817,7.0730896,51.492115,52.45155,0.9594345,35.722378,36.348732,0.6263542,23.75666,23.305794,0.4508667,46.7437,47.870407,1.126709,26.58986,25.486061,1.1037998,15.3956,15.968688,0.5730877,30.312956,29.647825,0.6651306,37.393803,34.54987,2.843933,72.26949,75.65262,3.3831253,63.706547,62.1295,1.5770454
Bt-NL9ZT5GZxAuA8Xd2pI6oA3ZnjyF5sZ47u3KkkNGE,f31b67ff16d8c65dbe967ca3641509fa,164.6,1,95.111435,98.68432,3.5728836,76.537285,85.32908,8.791794,91.84508,98.91817,7.0730896,51.492115,52.45155,0.9594345,35.722378,36.348732,0.6263542,23.75666,23.305794,0.4508667,46.7437,47.870407,1.126709,26.58986,25.486061,1.1037998,15.3956,15.968688,0.5730877,30.312956,29.647825,0.6651306,37.393803,34.54987,2.843933,72.26949,75.65262,3.3831253,63.706547,62.1295,1.5770454
Bt-NL9ZT5GZxAuA8Xd2pI6oA3ZnjyF5sZ47u3KkkNGE,846fede29c74d700d1787375582b915c,164.6,1,95.111435,98.69275,3.581314,76.537285,85.32908,8.791794,91.84508,98.92062,7.0755463,51.492115,52.45022,0.9581032,35.722378,36.349506,0.6271286,23.75666,23.305794,0.4508667,46.7437,47.873554,1.1298561,26.58986,25.486061,1.1037998,15.3956,15.969422,0.573822,30.312956,29.649317,0.66363907,37.393803,34.54987,2.843933,72.26949,75.65507,3.3855743,63.706547,62.1295,1.5770454
Bt-NL9ZT5GZxAuA8Xd2pI6oA3ZnjyF5sZ47u3KkkNGE,632b66e1188ecc14c9fd953c13339cea,164.6,1,95.111435,98.69275,3.581314,76.537285,85.32908,8.791794,91.84508,98.92062,7.0755463,51.492115,52.45022,0.9581032,35.722378,36.349506,0.6271286,23.75666,23.305794,0.4508667,46.7437,47.873554,1.1298561,26.58986,25.486061,1.1037998,15.3956,15.969422,0.573822,30.312956,29.649317,0.66363907,37.393803,34.54987,2.843933,72.26949,75.65507,3.3855743,63.706547,62.1295,1.5770454
Bt-NL9ZT5GZxAuA8Xd2pI6oA3ZnjyF5sZ47u3KkkNGE,49837c8b9dee820575294045672e3001,164.6,1,95.111435,98.69275,3.581314,76.537285,85.32908,8.791794,91.84508,98.92062,7.0755463,51.492115,52.45022,0.9581032,35.722378,36.349506,0.6271286,23.75666,23.305794,0.4508667,46.7437,47.873554,1.1298561,26.58986,25.486061,1.1037998,15.3956,15.969422,0.573822,30.312956,29.649317,0.66363907,37.393803,34.54987,2.843933,72.26949,75.65507,3.3855743,63.706547,62.1295,1.5770454
Bt-NL9ZT5GZxAuA8Xd2pI6oA3ZnjyF5sZ47u3KkkNGE,a4ba16299d214dc49c804691fd1f95ea,164.6,1,95.111435,98.69275,3.581314,76.537285,85.32908,8.791794,91.84508,98.92062,7.0755463,51.492115,52.45022,0.9581032,35.722378,36.349506,0.6271286,23.75666,23.305794,0.4508667,46.7437,47.873554,1.1298561,26.58986,25.486061,1.1037998,15.3956,15.969422,0.573822,30.312956,29.649317,0.66363907,37.393803,34.54987,2.843933,72.26949,75.65507,3.3855743,63.706547,62.1295,1.5770454
Bt-NL9ZT5GZxAuA8Xd2pI6oA3ZnjyF5sZ47u3KkkNGE,65f0a96ebff09de70094bb6df66c2dc4,164.6,1,95.111435,98.69275,3.581314,76.537285,85.32908,8.791794,91.84508,98.92062,7.0755463,51.492115,52.45022,0.9581032,35.722378,36.349506,0.6271286,23.75666,23.305794,0.4508667,46.7437,47.873554,1.1298561,26.58986,25.486061,1.1037998,15.3956,15.969422,0.573822,30.312956,29.649317,0.66363907,37.393803,34.54987,2.843933,72.26949,75.65507,3.3855743,63.706547,62.1295,1.5770454
LFcfI7v5U-hNVB1MWf2DyOtRrcv_4FxWEkvqawrnVCc,6f6b2cad0526ed3325434e6ab101cb14,178.0,1,95.880554,104.38344,8.502884,85.97741,91.271835,5.294426,98.360306,102.17409,3.8137817,53.78103,54.325253,0.5442238,37.669197,38.025814,0.35661697,24.147467,25.027994,0.8805275,51.108295,51.344936,0.23664093,26.34786,27.439238,1.0913773,16.480364,17.056322,0.57595825,28.750881,31.62183,2.8709488,35.266888,37.23552,1.9686317,83.31354,80.92702,2.3865204,66.09469,67.593376,1.4986877
LFcfI7v5U-hNVB1MWf2DyOtRrcv_4FxWEkvqawrnVCc,9ff5cfcae86d52cea2f67d6d2d17e7de,178.0,1,95.880554,104.38344,8.502884,85.97741,91.26038,5.2829742,98.360306,102.182076,3.8217697,53.78103,54.323837,0.54280853,37.669197,38.025425,0.35622787,24.147467,25.025236,0.8777695,51.108295,51.341793,0.23349762,26.34786,27.439238,1.0913773,16.480364,17.055954,0.57559013,28.750881,31.618847,2.8679657,35.266888,37.230156,1.9632683,83.31354,80.919685,2.3938522,66.09469,67.58849,1.4938049
ic_H1vAwhyhu8jurY__s2TgnwYZSHE810g3qbgJEglI,f8d8314e6c09c5e3926dcf1e5e7d3f7b,177.25,1,103.47786,104.09399,0.616127,92.438545,90.95781,1.4807358,94.01847,102.000885,7.9824142,47.932255,54.22418,6.2919235,35.457207,37.938442,2.4812355,24.68029,24.937933,0.25764275,51.493687,51.166496,0.3271904,26.748524,27.34256,0.5940361,15.826929,17.00051,1.1735802,29.976894,31.524847,1.5479527,36.44582,37.098083,0.65226364,79.334656,80.656815,1.3221588,69.523735,67.31127,2.2124634
ic_H1vAwhyhu8jurY__s2TgnwYZSHE810g3qbgJEglI,9e7ab755f4854be664bba9d0384a555b,177.25,1,103.47786,104.098206,0.62034607,92.438545,90.95658,1.4819641,94.01847,102.001495,7.9830246,47.932255,54.231945,6.2996902,35.457207,37.94076,2.4835548,24.68029,24.93885,0.25856018,51.493687,51.166496,0.3271904,26.748524,27.344587,0.5960636,15.826929,17.000141,1.173212,29.976894,31.524847,1.5479527,36.44582,37.099426,0.6536064,79.334656,80.65804,1.3233871,69.523735,67.31371,2.210022
ic_H1vAwhyhu8jurY__s2TgnwYZSHE810g3qbgJEglI,3eb3b6be66880e13757b44d48ef10888,177.25,1,103.47786,104.09258,0.6147232,92.438545,90.96762,1.4709244,94.01847,101.99843,7.9799576,47.932255,54.229218,6.2969627,35.457207,37.940372,2.4831657,24.68029,24.94069,0.26039886,51.493687,51.16964,0.3240471,26.748524,27.34594,0.5974159,15.826929,17.001059,1.1741295,29.976894,31.526339,1.5494442,36.44582,37.100765,0.6549454,79.334656,80.664154,1.3294983,69.523735,67.32226,2.201477
ic_H1vAwhyhu8jurY__s2TgnwYZSHE810g3qbgJEglI,632242108311df18d79ac3daf191bf5c,177.25,1,103.47786,104.117874,0.64001465,92.438545,90.989296,1.4492493,94.01847,102.016235,7.9977646,47.932255,54.24274,6.310486,35.457207,37.946175,2.488968,24.68029,24.946203,0.265913,51.493687,51.18143,0.31225586,26.748524,27.354729,0.606205,15.826929,17.00565,1.1787205,29.976894,31.534296,1.5574017,36.44582,37.11082,0.6650009,79.334656,80.687386,1.3527298,69.523735,67.343025,2.1807098
r1QbDZDoHtvpjsh3VrHS3khZg6_tDrsNZaR8OsoT_So,e3f550a0c1faec628fe883eae424c218,186.25,1,96.70815,106.895775,10.187622,90.012535,94.05308,4.0405426,102.52236,103.834915,1.3125534,53.584534,55.21322,1.628685,36.870544,38.803658,1.9331131,24.63699,25.816494,1.1795044,53.900524,52.89354,1.0069847,25.726484,28.340445,2.6139603,16.296476,17.570028,1.273552,27.358334,32.463356,5.1050224,38.059837,38.44091,0.381073,88.11473,83.27445,4.8402786,69.848625,70.067635,0.2190094
r1QbDZDoHtvpjsh3VrHS3khZg6_tDrsNZaR8OsoT_So,e7e118d89fb3529c8e15b85981cff9cc,186.25,1,96.70815,106.91544,10.207291,90.012535,94.08252,4.0699844,102.52236,103.84843,1.3260651,53.584534,55.231205,1.6466713,36.870544,38.810616,1.9400711,24.63699,25.823845,1.1868553,53.900524,52.902973,0.99755096,25.726484,28.352613,2.6261292,16.296476,17.57517,1.2786942,27.358334,32.47231,5.1139755,38.059837,38.452976,0.3931389,88.11473,83.29646,4.818268,69.848625,70.08717,0.23854828
r1QbDZDoHtvpjsh3VrHS3khZg6_tDrsNZaR8OsoT_So,b422e56d266c3a06857367c62c0f8841,186.25,1,96.70815,106.92668,10.218529,90.012535,94.08579,4.0732574,102.52236,103.864395,1.3420334,53.584534,55.238537,1.6540031,36.870544,38.814484,1.9439392,24.63699,25.824764,1.1877747,53.900524,52.906116,0.99440765,25.726484,28.35667,2.630186,16.296476,17.57664,1.2801628,27.358334,32.476288,5.1179543,38.059837,38.455658,0.39582062,88.11473,83.30135,4.8133774,69.848625,70.09695,0.24832153
r1QbDZDoHtvpjsh3VrHS3khZg6_tDrsNZaR8OsoT_So,2f3e4842d2db596e069d0435792a716a,186.25,1,96.70815,106.887344,10.179192,90.012535,94.03672,4.024185,102.52236,103.842896,1.3205338,53.584534,55.219215,1.6346817,36.870544,38.803658,1.9331131,24.63699,25.814655,1.1776657,53.900524,52.884106,1.0164185,25.726484,28.340445,2.6139603,16.296476,17.569294,1.2728176,27.358334,32.462364,5.1040306,38.059837,38.435547,0.37570953,88.11473,83.26712,4.8476105,69.848625,70.06275,0.21412659
H5BXpapkLoKPOIalTu6xdBS3wVpWYsBDKGhIFDs6-MA,68d158828a511606031b1236f93a7f41,182.8,1,97.88846,106.03023,8.141769,83.110146,93.088104,9.977959,100.8341,103.228386,2.394287,52.184944,54.907402,2.722458,34.67357,38.53381,3.860241,23.347242,25.541714,2.1944714,56.940968,52.352707,4.5882607,26.95697,28.026747,1.0697765,16.814873,17.389736,0.57486343,27.554998,32.175884,4.620886,39.572002,38.023914,1.5480881,86.30062,82.45774,3.8428802,68.4714,69.20299,0.7315903
59bc2765681516389ccf4503,2ffff1b83edd13c5fe37960a18c96634,157.1,0,83.67067,94.57297,10.902298,72.89483,81.64256,8.747734,98.6894,97.2426,1.4468002,49.05328,51.385525,2.3322449,31.943596,35.280937,3.3373413,21.422096,22.179102,0.7570057,47.519966,45.542,1.9779663,23.095795,24.273186,1.177391,15.09822,15.300759,0.20253944,26.548117,28.215937,1.66782,31.110428,32.77061,1.660183,73.89821,72.24884,1.6493683,55.598507,58.578102,2.9795952
59bc2765681516389ccf4503,bc0342dec3060fd719805e85a5674bb9,157.1,0,83.67067,94.57297,10.902298,72.89483,81.64256,8.747734,98.6894,97.2426,1.4468002,49.05328,51.382862,2.3295822,31.943596,35.282482,3.3388863,21.422096,22.179102,0.7570057,47.519966,45.545147,1.9748192,23.095795,24.274538,1.1787434,15.09822,15.301494,0.20327377,26.548117,28.217926,1.6698093,31.110428,32.77061,1.660183,73.89821,72.25372,1.6444855,55.598507,58.578102,2.9795952
fhoVCLEfdAeNjmGgLycsAVQemJsS1YVm35I2w3Z_C0g,6e87ca98b17f77ccfa480e26d5880710,172.5,1,94.39419,102.11371,7.7195206,78.76106,88.83324,10.072174,95.54582,100.83327,5.287445,52.415302,53.55155,1.1362495,33.552605,37.34206,3.7894554,22.701527,24.327028,1.6255016,51.577076,49.947067,1.6300087,26.094463,26.651148,0.5566845,15.863705,16.611649,0.7479439,31.715136,30.851427,0.8637085,34.321392,36.15063,1.8292389,82.523186,78.80454,3.7186432,63.887344,65.37864,1.4912949
yZU_zkLPyhJZVu9TszgzRx5eBR1gqAyaRarQj5M1b-Q,b7baea7f0849e6951130b82965ad4fc9,174.5,1,98.084015,102.970604,4.886589,80.104164,89.754456,9.650291,96.36462,101.3185,4.9538803,49.50032,53.84804,4.347721,34.0408,37.599197,3.5583992,24.923628,24.594687,0.32894135,50.519592,50.480236,0.03935623,26.763407,26.95145,0.1880436,16.14193,16.779043,0.6371136,28.839857,31.144867,2.3050098,35.64715,36.5631,0.9159508,80.325874,79.61636,0.7095108,67.29649,66.22558,1.0709152
3jslvtD5_LOEvSftuCbSHqqk_t9fVhzp4nGUwkS_ik8,55469c4686d0d85609e8667f09afc1ff,165.8,0,88.328445,96.809906,8.481461,71.71896,83.51689,11.797928,93.23191,98.262184,5.0302734,51.450615,51.9825,0.53188324,37.783104,35.85388,1.9292221,22.993696,22.781965,0.21173096,48.267147,46.820187,1.4469604,24.589117,24.935738,0.34662056,16.0611,15.652533,0.40856743,25.555136,29.006733,3.4515972,31.01655,33.702477,2.6859264,76.44396,74.15124,2.2927246,59.931393,60.502792,0.5713997
hp_iPWTohmd-ODH0MNibX9tib22G-FJ4OdnSHJqhPio,971d8f0a6d4f549d651b7d33fbf08b4e,181.5,1,99.20047,105.628365,6.4278946,82.39848,92.636696,10.238213,93.211105,102.97049,9.759384,49.12745,54.76016,5.6327095,33.09776,38.407,5.3092422,23.45758,25.412134,1.9545536,55.048923,52.105877,2.9430466,25.979042,27.879362,1.90032,15.616469,17.306015,1.6895456,28.950119,32.040604,3.0904846,36.096653,37.8295,1.7328453,86.29366,82.08118,4.2124863,66.66486,68.802414,2.1375504
BudSKCmehLTLYkcJ3Rqgwlytb6Y9zez4iFh-Qs0uz00,9c11c7ab225fb7b1cf533f96e7c49db4,155.5,0,86.36375,94.30319,7.9394455,71.866104,81.452835,9.586731,94.089066,97.13941,3.0503464,50.882465,51.321564,0.43909836,34.28012,35.21599,0.9358673,21.264063,22.112934,0.84887123,43.93262,45.39736,1.4647408,22.15568,24.205578,2.0498981,14.972531,15.264774,0.292243,24.334503,28.126411,3.7919083,30.918097,32.66871,1.7506123,71.73536,72.043434,0.30807495,55.39528,58.368046,2.9727669
46VsVUuru6DhW_LTFsCi664FsyD9qihVm2HCBCR3EUM,83dcac10bceaf5881ced3a4339fcfc47,175.0,1,97.48011,103.189095,5.7089844,82.059944,89.982414,7.92247,94.78883,101.45239,6.663559,51.10733,53.92383,2.8164978,36.97261,37.6655,0.69289017,24.871092,24.661314,0.20977783,50.16085,50.6123,0.45145035,25.612322,27.029537,1.4172153,16.101576,16.82297,0.7213936,29.11883,31.218475,2.0996456,36.25143,36.667683,0.41625214,78.79946,79.82054,1.02108,66.99477,66.43929,0.5554733
46VsVUuru6DhW_LTFsCi664FsyD9qihVm2HCBCR3EUM,1556b78477f5e3bdba897e48b1302c1a,175.0,1,97.48011,103.180664,5.700554,82.059944,89.97055,7.9106064,94.78883,101.449936,6.6611023,51.10733,53.916332,2.809002,36.97261,37.660862,0.6882515,24.871092,24.657408,0.21368408,50.16085,50.606796,0.44594574,25.612322,27.023453,1.4111309,16.101576,16.82095,0.7193737,29.11883,31.213501,2.0946712,36.25143,36.661648,0.4102173,78.79946,79.8071,1.007637,66.99477,66.427086,0.56768036
6br0Uv77d13mO-1TaZ1tZfaabJ_I6d4wwTBKdXTJ5sA,173c341b322888d28f12e1b41224336a,164.6,0,84.752785,96.433334,11.68055,70.12937,83.17343,13.04406,93.92756,98.08775,4.1601944,51.452946,51.875896,0.42295074,37.207245,35.75259,1.4546547,22.67559,22.671684,0.00390625,47.914803,46.59222,1.3225822,23.743402,24.81675,1.0733471,14.6110325,15.587906,0.9768734,25.962376,28.874435,2.9120598,33.053425,33.534874,0.48144913,74.138,73.80646,0.33154297,61.275993,60.148632,1.1273613
6br0Uv77d13mO-1TaZ1tZfaabJ_I6d4wwTBKdXTJ5sA,dd88cf5d28c9566445da02c49415c120,164.6,0,84.752785,96.424904,11.672119,70.12937,83.166885,13.037514,93.92756,98.08038,4.1528244,51.452946,51.879894,0.42694855,37.207245,35.75259,1.4546547,22.67559,22.671684,0.00390625,47.914803,46.587505,1.3272972,23.743402,24.8181,1.0746975,14.6110325,15.587172,0.97613907,25.962376,28.873442,2.911066,33.053425,33.53353,0.48010635,74.138,73.804016,0.33398438,61.275993,60.148632,1.1273613
6br0Uv77d13mO-1TaZ1tZfaabJ_I6d4wwTBKdXTJ5sA,6093288b8be785d5c123a1d634d62669,164.6,0,84.752785,96.4221,11.669312,70.12937,83.16035,13.030975,93.92756,98.07056,4.1429977,51.452946,51.877228,0.42428207,37.207245,35.75259,1.4546547,22.67559,22.672604,0.002986908,47.914803,46.589077,1.3257256,23.743402,24.81675,1.0733471,14.6110325,15.587172,0.97613907,25.962376,28.870457,2.908081,33.053425,33.53353,0.48010635,74.138,73.80646,0.33154297,61.275993,60.151073,1.1249199
gvTI9Qv-vBw1YWxXKa8cCivktkaSfS5Si30Hbm2hc8I,0fba53b49b39c9ad53624ced59c2edc4,174.45,1,94.86418,102.98887,8.124687,83.23542,89.75241,6.5169907,101.63271,101.33815,0.2945633,55.614395,53.833717,1.7806778,35.277214,37.597652,2.3204384,23.863066,24.587793,0.72472763,50.1966,50.47788,0.2812767,27.573,26.945704,0.62729645,17.298033,16.778906,0.5191269,30.375462,31.146856,0.7713947,34.92966,36.56109,1.6314278,78.08747,79.59925,1.5117798,67.40433,66.20299,1.2013397
gvTI9Qv-vBw1YWxXKa8cCivktkaSfS5Si30Hbm2hc8I,37f368bb027cee26e26b5a5d6b6a6552,174.45,1,94.86418,102.93899,8.074806,83.23542,89.714386,6.4789658,101.63271,101.31727,0.31544495,55.614395,53.820393,1.7940025,35.277214,37.588856,2.3116417,23.863066,24.576767,0.71370125,50.1966,50.455082,0.25848007,27.573,26.932522,0.64047813,17.298033,16.771194,0.5268383,30.375462,31.128454,0.75299263,34.92966,36.542316,1.6126556,78.08747,79.55952,1.4720459,67.40433,66.166954,1.2373734
gvTI9Qv-vBw1YWxXKa8cCivktkaSfS5Si30Hbm2hc8I,be3b9f888cfc81aa2e576eff29895e1d,174.45,1,94.86418,102.95515,8.090965,83.23542,89.73033,6.494911,101.63271,101.31727,0.31544495,55.614395,53.83305,1.7813454,35.277214,37.59137,2.3141556,23.863066,24.585037,0.7219715,50.1966,50.4653,0.26869965,27.573,26.942324,0.63067627,17.298033,16.776106,0.5219269,30.375462,31.138401,0.76293945,34.92966,36.551033,1.6213722,78.08747,79.59313,1.505661,67.40433,66.19688,1.2074509
gvTI9Qv-vBw1YWxXKa8cCivktkaSfS5Si30Hbm2hc8I,3d4997d70de2ca72697cc18fac65b902,174.45,1,94.86418,102.97411,8.109932,83.23542,89.73974,6.504318,101.63271,101.34061,0.29210663,55.614395,53.85637,1.7580261,35.277214,37.600742,2.3235283,23.863066,24.588253,0.7251873,50.1966,50.468445,0.27184296,27.573,26.953817,0.6191826,17.298033,16.778997,0.51903534,30.375462,31.149343,0.7738819,34.92966,36.56109,1.6314278,78.08747,79.60292,1.5154495,67.40433,66.20848,1.1958466
gvTI9Qv-vBw1YWxXKa8cCivktkaSfS5Si30Hbm2hc8I,dbda2a4568bee08e6de0d40356e412f4,174.45,1,94.86418,102.99238,8.128197,83.23542,89.76877,6.533348,101.63271,101.34306,0.28964996,55.614395,53.864033,1.7503624,35.277214,37.606735,2.3295212,23.863066,24.596985,0.73391914,50.1966,50.48338,0.2867775,27.573,26.963282,0.6097183,17.298033,16.78345,0.5145836,30.375462,31.158295,0.7828331,34.92966,36.571144,1.6414833,78.08747,79.631035,1.5435638,67.40433,66.23901,1.1653137
gvTI9Qv-vBw1YWxXKa8cCivktkaSfS5Si30Hbm2hc8I,50b6f4381c6770f514bccc52021a278c,174.45,1,94.86418,102.957954,8.093773,83.23542,89.73279,6.497368,101.63271,101.31113,0.3215866,55.614395,53.841045,1.7733498,35.277214,37.59601,2.3187943,23.863066,24.588024,0.7249584,50.1966,50.466873,0.2702713,27.573,26.946718,0.62628174,17.298033,16.77638,0.5216522,30.375462,31.139893,0.764431,34.92966,36.553043,1.6233826,78.08747,79.59558,1.50811,67.40433,66.20604,1.198288
gvTI9Qv-vBw1YWxXKa8cCivktkaSfS5Si30Hbm2hc8I,98e1909444b150710e18445eaed2938c,174.45,1,94.86418,102.93688,8.0727005,83.23542,89.7103,6.4748764,101.63271,101.30867,0.32404327,55.614395,53.83438,1.780014,35.277214,37.589146,2.3119316,23.863066,24.583199,0.7201328,50.1966,50.456654,0.26005173,27.573,26.938267,0.6347332,17.298033,16.772985,0.5250473,30.375462,31.134422,0.7589607,34.92966,36.54634,1.6166801,78.08747,79.5803,1.4928284,67.40433,66.1865,1.2178268
VXOk0Gz0hSa_xh-GNz2o_qnPXriyWKoOKiCJEktL79A,ff341d1a1a5497c9ab6dd78da94a857b,160.6,0,86.48983,95.314865,8.825035,75.09126,82.21827,7.1270065,94.65157,97.557076,2.9055023,50.23359,51.56542,1.3318291,33.09203,35.46496,2.3729286,21.223524,22.369335,1.1458111,47.598175,45.9602,1.6379738,23.217894,24.476007,1.2581139,15.184488,15.408714,0.224226,26.809511,28.474562,1.6650505,30.854033,33.06559,2.2115574,75.75885,72.855255,2.903595,58.447697,59.18384,0.736145
VXOk0Gz0hSa_xh-GNz2o_qnPXriyWKoOKiCJEktL79A,750866c7383b34bcafff1477301f75c4,160.6,0,86.48983,95.32049,8.830658,75.09126,82.224815,7.1335526,94.65157,97.56199,2.9104156,50.23359,51.573414,1.3398247,33.09203,35.469597,2.3775673,21.223524,22.370255,1.1467304,47.598175,45.953915,1.6442604,23.217894,24.48412,1.2662258,15.184488,15.409449,0.22496033,26.809511,28.48053,1.6710186,30.854033,33.06559,2.2115574,75.75885,72.860146,2.8987045,58.447697,59.18384,0.736145
VXOk0Gz0hSa_xh-GNz2o_qnPXriyWKoOKiCJEktL79A,086ea485e526496aa81d0de48b93dea7,160.6,0,86.48983,95.32049,8.830658,75.09126,82.23135,7.140091,94.65157,97.5669,2.915329,50.23359,51.56675,1.3331604,33.09203,35.466503,2.3744736,21.223524,22.369335,1.1458111,47.598175,45.957058,1.6411171,23.217894,24.47736,1.2594662,15.184488,15.409449,0.22496033,26.809511,28.476551,1.6670399,30.854033,33.06559,2.2115574,75.75885,72.850365,2.9084854,58.447697,59.17896,0.7312622
VXOk0Gz0hSa_xh-GNz2o_qnPXriyWKoOKiCJEktL79A,12d25e5ba7f713b7fda10826ab6ee71b,160.6,0,86.48983,95.32611,8.836281,75.09126,82.23135,7.140091,94.65157,97.571815,2.9202423,50.23359,51.570747,1.3371582,33.09203,35.468052,2.3760223,21.223524,22.369335,1.1458111,47.598175,45.957058,1.6411171,23.217894,24.482769,1.2648754,15.184488,15.410183,0.22569466,26.809511,28.48252,1.673008,30.854033,33.06827,2.2142391,75.75885,72.860146,2.8987045,58.447697,59.18384,0.736145
VXOk0Gz0hSa_xh-GNz2o_qnPXriyWKoOKiCJEktL79A,2243aa4d939683d9605df6478df71486,160.6,0,86.48983,95.32049,8.830658,75.09126,82.224815,7.1335526,94.65157,97.55216,2.900589,50.23359,51.570747,1.3371582,33.09203,35.468052,2.3760223,21.223524,22.37301,1.1494865,47.598175,45.9602,1.6379738,23.217894,24.482769,1.2648754,15.184488,15.410183,0.22569466,26.809511,28.476551,1.6670399,30.854033,33.06827,2.2142391,75.75885,72.860146,2.8987045,58.447697,59.198498,0.7508011
VXOk0Gz0hSa_xh-GNz2o_qnPXriyWKoOKiCJEktL79A,454f9da481479853c6bbccf187eb5f26,160.6,0,86.48983,95.30925,8.81942,75.09126,82.21827,7.1270065,94.65157,97.54725,2.8956757,50.23359,51.56675,1.3331604,33.09203,35.46496,2.3729286,21.223524,22.370255,1.1467304,47.598175,45.957058,1.6411171,23.217894,24.476007,1.2581139,15.184488,15.408714,0.224226,26.809511,28.472572,1.6630611,30.854033,33.06559,2.2115574,75.75885,72.850365,2.9084854,58.447697,59.18384,0.736145
VXOk0Gz0hSa_xh-GNz2o_qnPXriyWKoOKiCJEktL79A,7830ac53cdbd40eb45e758aa49446a76,160.6,0,86.48983,95.314865,8.825035,75.09126,82.224815,7.1335526,94.65157,97.55216,2.900589,50.23359,51.56808,1.3344917,33.09203,35.46496,2.3729286,21.223524,22.37301,1.1494865,47.598175,45.9602,1.6379738,23.217894,24.480064,1.2621708,15.184488,15.409449,0.22496033,26.809511,28.474562,1.6650505,30.854033,33.06827,2.2142391,75.75885,72.860146,2.8987045,58.447697,59.19361,0.74591446
VXOk0Gz0hSa_xh-GNz2o_qnPXriyWKoOKiCJEktL79A,2798bd662208525c40e7e479225b32e5,160.6,0,86.48983,95.32049,8.830658,75.09126,82.224815,7.1335526,94.65157,97.557076,2.9055023,50.23359,51.574745,1.341156,33.09203,35.466503,2.3744736,21.223524,22.37301,1.1494865,47.598175,45.9602,1.6379738,23.217894,24.481417,1.2635231,15.184488,15.409449,0.22496033,26.809511,28.48053,1.6710186,30.854033,33.06827,2.2142391,75.75885,72.865036,2.893814,58.447697,59.198498,0.7508011
VXOk0Gz0hSa_xh-GNz2o_qnPXriyWKoOKiCJEktL79A,dc1ac87d462489aaa643f26cd33be34f,160.6,0,86.48983,95.32049,8.830658,75.09126,82.23135,7.140091,94.65157,97.56199,2.9104156,50.23359,51.570747,1.3371582,33.09203,35.468052,2.3760223,21.223524,22.371174,1.1476498,47.598175,45.9602,1.6379738,23.217894,24.482769,1.2648754,15.184488,15.409449,0.22496033,26.809511,28.47854,1.6690292,30.854033,33.070953,2.2169209,75.75885,72.860146,2.8987045,58.447697,59.19361,0.74591446
VXOk0Gz0hSa_xh-GNz2o_qnPXriyWKoOKiCJEktL79A,bf44ff4873fddeb457054e8148dd6d53,160.6,0,86.48983,95.32049,8.830658,75.09126,82.224815,7.1335526,94.65157,97.557076,2.9055023,50.23359,51.56675,1.3331604,33.09203,35.46496,2.3729286,21.223524,22.371174,1.1476498,47.598175,45.96335,1.6348267,23.217894,24.478712,1.2608185,15.184488,15.408714,0.224226,26.809511,28.476551,1.6670399,30.854033,33.06827,2.2142391,75.75885,72.860146,2.8987045,58.447697,59.19361,0.74591446
59bc276e681516389ccf4877,bd5b14889484fcc29b008482d98f3b6e,172.7,1,98.93418,102.173775,3.2395935,84.91651,88.90929,3.992775,94.910866,100.8517,5.940834,50.845543,53.57987,2.7343254,37.534115,37.360275,0.17383957,23.433218,24.355059,0.92184067,49.160885,49.99561,0.8347244,24.934048,26.67764,1.7435932,16.100878,16.6256,0.52472305,28.48117,30.869331,2.3881607,35.6793,36.18499,0.5056915,79.27058,78.882484,0.38809204,66.18142,65.46535,0.7160721
UNiJMD29Emwoq3_ykdCVehh3mPaRpfVhbRP12sXgHhA,651ee3dc1b141c18d2c051328d2ea964,185.0,1,101.34798,106.6007,5.2527237,84.03289,93.73251,9.699623,97.835846,103.63039,5.7945404,52.691525,55.11461,2.4230843,39.931522,38.713192,1.2183304,27.050236,25.725513,1.3247223,54.22492,52.712738,1.5121803,25.95203,28.23768,2.2856503,16.904327,17.509075,0.6047478,28.248997,32.365875,4.1168785,39.255447,38.302803,0.95264435,82.22582,83.00548,0.77965546,72.89424,69.77942,3.1148224
UNiJMD29Emwoq3_ykdCVehh3mPaRpfVhbRP12sXgHhA,a52fcd824b5c6e085a521ab603d8cd65,185.0,1,101.34798,106.59227,5.244293,84.03289,93.72597,9.693077,97.835846,103.624855,5.789009,52.691525,55.10928,2.4177551,39.931522,38.711647,1.2198753,27.050236,25.723675,1.326561,54.22492,52.709595,1.5153236,25.95203,28.236328,2.284298,16.904327,17.50834,0.60401344,28.248997,32.363888,4.114891,39.255447,38.298782,0.95666504,82.22582,83.00059,0.774765,72.89424,69.77698,3.1172638
UNiJMD29Emwoq3_ykdCVehh3mPaRpfVhbRP12sXgHhA,d757ec9666a27a9b391e0c0d3d849575,185.0,1,101.34798,106.62037,5.2723923,84.03289,93.74887,9.715981,97.835846,103.6439,5.808052,52.691525,55.122604,2.4310799,39.931522,38.71783,1.2136917,27.050236,25.72827,1.3219662,54.22492,52.71903,1.5058899,25.95203,28.244442,2.2924118,16.904327,17.513481,0.60915375,28.248997,32.373833,4.124836,39.255447,38.31085,0.94459915,82.22582,83.01526,0.78943634,72.89424,69.79163,3.1026077
UNiJMD29Emwoq3_ykdCVehh3mPaRpfVhbRP12sXgHhA,7dbf6329d13e1cec3a43143df62bab7a,185.0,1,101.34798,106.62037,5.2723923,84.03289,93.75214,9.719246,97.835846,103.639595,5.803749,52.691525,55.12527,2.4337463,39.931522,38.71938,1.212143,27.050236,25.730108,1.3201275,54.22492,52.7206,1.5043182,25.95203,28.245794,2.293764,16.904327,17.513481,0.60915375,28.248997,32.373833,4.124836,39.255447,38.31085,0.94459915,82.22582,83.0177,0.79187775,72.89424,69.79652,3.097725
dMMJpDQu0tntRZkNqPITTKJ6p8grMut0NyX0vF4pzw8,b9a59fb54e6cc8df955f3f0dce80bf8e,174.0,1,94.44683,102.74965,8.302818,77.6684,89.51853,11.850128,98.33485,101.189514,2.8546677,51.70658,53.772755,2.0661736,36.469463,37.535313,1.0658493,25.520147,24.52829,0.9918575,51.392212,50.344635,1.0475769,27.77284,26.874548,0.89829254,17.135427,16.736748,0.39867973,28.496641,31.071754,2.5751133,36.20836,36.45818,0.24982071,80.54162,79.410355,1.1312637,64.169334,66.008804,1.8394699
9Uwx1ge6eJ8d3jh01XWd7eOBM6AZ_YC2lfB9NYVjVYQ,3b3949d8dec40ffe369e34ec78759f8e,178.4,1,97.95988,104.575935,6.6160583,83.82388,91.48282,7.6589355,98.63908,102.29263,3.6535568,48.674377,54.393044,5.718666,37.037933,38.084576,1.0466423,25.960646,25.083134,0.877512,54.15911,51.458134,2.7009773,25.72394,27.50752,1.7835808,17.450745,17.093042,0.35770226,28.085573,31.689472,3.603899,38.174984,37.32535,0.84963226,84.03551,81.09574,2.939766,67.64758,67.7668,0.11921692
evbmLnGTgdGrLQwykEt7tJyebh5S3_QoLcXsMYyZ0cc,ae217b903b01bd4cfbb18aaf06ae34b3,184.15,1,101.85797,106.42366,4.565689,92.938446,93.52153,0.5830841,99.93379,103.497406,3.563614,53.973186,55.051983,1.0787964,35.657227,38.655975,2.9987488,22.967476,25.66394,2.6964645,55.993164,52.593254,3.39991,26.088108,28.170074,2.0819664,16.35264,17.470152,1.1175117,30.78408,32.306194,1.5221138,35.03824,38.211628,3.1733894,88.34982,82.82208,5.5277405,67.51299,69.588905,2.0759125
evbmLnGTgdGrLQwykEt7tJyebh5S3_QoLcXsMYyZ0cc,8f0ef9348cd4a0236a4260b0b6203e5d,184.15,1,101.85797,106.40961,4.5516357,92.938446,93.496994,0.558548,99.93379,103.49065,3.5568542,53.973186,55.040653,1.0674667,35.657227,38.650562,2.9933357,22.967476,25.658426,2.6909504,55.993164,52.58382,3.4093437,26.088108,28.157904,2.0697956,16.35264,17.465012,1.1123714,30.78408,32.302216,1.5181351,35.03824,38.200905,3.1626663,88.34982,82.80497,5.544853,67.51299,69.56692,2.0539246
evbmLnGTgdGrLQwykEt7tJyebh5S3_QoLcXsMYyZ0cc,dfb7dadd7aadcf932969bcb2fc175fc1,184.15,1,101.85797,106.41522,4.557251,92.938446,93.51826,0.5798111,99.93379,103.49434,3.5605469,53.973186,55.04865,1.0754623,35.657227,38.65443,2.9972038,22.967476,25.66394,2.6964645,55.993164,52.591682,3.4014816,26.088108,28.168722,2.080614,16.35264,17.470152,1.1175117,30.78408,32.3052,1.5211182,35.03824,38.208946,3.1707077,88.34982,82.82208,5.5277405,67.51299,69.586464,2.073471
evbmLnGTgdGrLQwykEt7tJyebh5S3_QoLcXsMYyZ0cc,8082af7fd6a15640f5d0df64c9281577,184.15,1,101.85797,106.41522,4.557251,92.938446,93.51335,0.5749054,99.93379,103.4931,3.559311,53.973186,55.04865,1.0754623,35.657227,38.653656,2.9964294,22.967476,25.663021,2.6955452,55.993164,52.59011,3.4030533,26.088108,28.164665,2.0765572,16.35264,17.468683,1.1160431,30.78408,32.304203,1.5201225,35.03824,38.208946,3.1707077,88.34982,82.81719,5.532631,67.51299,69.58157,2.0685806
evbmLnGTgdGrLQwykEt7tJyebh5S3_QoLcXsMYyZ0cc,940b9e4f6f2c1001e4ba0d1e8ef46b30,184.15,1,101.85797,106.429276,4.5713043,92.938446,93.524796,0.5863495,99.93379,103.505394,3.5716019,53.973186,55.057312,1.0841255,35.657227,38.65752,3.0002937,22.967476,25.665777,2.6983013,55.993164,52.594826,3.3983383,26.088108,28.17413,2.0860214,16.35264,17.47162,1.1189804,30.78408,32.309177,1.5250969,35.03824,38.215652,3.177414,88.34982,82.82942,5.520401,67.51299,69.59623,2.0832367
RUO2J9Y34xvK2dxHt2CHiRdfWwsZ5el7VQMIuf_FIJI,9d3c3c4645e71b51d1b6ddb9614ed7d2,165.25,1,94.98686,98.942856,3.9559937,88.111565,85.57768,2.5338821,96.3188,99.058205,2.7394028,46.66789,52.5315,5.863613,32.566936,36.421413,3.854477,22.872826,23.380692,0.5078659,47.992573,48.020554,0.027980804,23.624437,25.575304,1.9508667,15.289454,16.016056,0.7266016,26.275358,29.737349,3.4619904,35.68372,34.66652,1.0172005,74.82839,75.88248,1.0540848,64.10677,62.36398,1.742794
RUO2J9Y34xvK2dxHt2CHiRdfWwsZ5el7VQMIuf_FIJI,84df37e98abe0cfc655a13852b2f4f81,165.25,1,94.98686,98.942856,3.9559937,88.111565,85.57768,2.5338821,96.3188,99.058205,2.7394028,46.66789,52.5315,5.863613,32.566936,36.421413,3.854477,22.872826,23.380692,0.5078659,47.992573,48.020554,0.027980804,23.624437,25.575304,1.9508667,15.289454,16.016056,0.7266016,26.275358,29.737349,3.4619904,35.68372,34.66652,1.0172005,74.82839,75.88248,1.0540848,64.10677,62.36398,1.742794
RUO2J9Y34xvK2dxHt2CHiRdfWwsZ5el7VQMIuf_FIJI,d418c1c82fddee0a9d68c797ede1534c,165.25,1,94.98686,98.9541,3.9672394,88.111565,85.59077,2.5207977,96.3188,99.06312,2.744316,46.66789,52.539497,5.8716087,32.566936,36.426052,3.8591156,22.872826,23.384367,0.51154137,47.992573,48.027626,0.035053253,23.624437,25.580711,1.956274,15.289454,16.018627,0.7291727,26.275358,29.743814,3.4684563,35.68372,34.671883,1.011837,74.82839,75.89592,1.0675278,64.10677,62.378635,1.728138
RUO2J9Y34xvK2dxHt2CHiRdfWwsZ5el7VQMIuf_FIJI,ade5d76a35629f6627093f8029913292,165.25,1,94.98686,98.96253,3.9756699,88.111565,85.607124,2.5044403,96.3188,99.0754,2.7565994,46.66789,52.544827,5.876938,32.566936,36.427597,3.8606606,22.872826,23.386665,0.5138397,47.992573,48.031555,0.03898239,23.624437,25.584768,1.960331,15.289454,16.018993,0.7295389,26.275358,29.749783,3.4744244,35.68372,34.677917,1.0058022,74.82839,75.9057,1.0773087,64.10677,62.385963,1.7208099
CigWnxFs_t9NJNTzq7PMdcO6162RK6ETpwLtHG31qbE,c25ce225e2364ede6e5833fb7b80d01a,164.5,0,93.92039,96.39961,2.4792252,81.121185,83.14726,2.0260773,97.28,98.05827,0.77827454,48.974,51.86257,2.8885727,31.29761,35.744858,4.4472485,21.264427,22.665253,1.4008255,47.999626,46.579643,1.4199829,22.74929,24.804579,2.0552883,14.603467,15.582031,0.97856426,25.079853,28.86051,3.7806568,31.915623,33.52549,1.6098671,75.968506,73.789345,2.179161,58.782295,60.12909,1.3467941
CigWnxFs_t9NJNTzq7PMdcO6162RK6ETpwLtHG31qbE,0a5781c1d28a2d641f06411e110cc9a2,164.5,0,93.92039,96.38837,2.4679794,81.121185,83.14072,2.0195312,97.28,98.06073,0.7807312,48.974,51.86124,2.8872414,31.29761,35.743313,4.4457035,21.264427,22.663414,1.3989868,47.999626,46.57493,1.4246979,22.74929,24.801874,2.0525837,14.603467,15.581297,0.97782993,25.079853,28.856531,3.776678,31.915623,33.520126,1.6045036,75.968506,73.779564,2.188942,58.782295,60.121765,1.3394699
CigWnxFs_t9NJNTzq7PMdcO6162RK6ETpwLtHG31qbE,4c5624125459087604fc90fedcf210ed,164.5,0,93.92039,96.396805,2.4764175,81.121185,83.1538,2.0326157,97.28,98.06564,0.78564453,48.974,51.86657,2.8925705,31.29761,35.746407,4.448797,21.264427,22.664333,1.3999062,47.999626,46.573357,1.4262695,22.74929,24.807283,2.057993,14.603467,15.582031,0.97856426,25.079853,28.861504,3.7816505,31.915623,33.522808,1.6071854,75.968506,73.782005,2.1865005,58.782295,60.124207,1.3419113
CigWnxFs_t9NJNTzq7PMdcO6162RK6ETpwLtHG31qbE,292a2a6a8be0e07eb6ef59813a31974a,164.5,0,93.92039,96.39399,2.4736023,81.121185,83.14726,2.0260773,97.28,98.05827,0.77827454,48.974,51.863903,2.889904,31.29761,35.744858,4.4472485,21.264427,22.665253,1.4008255,47.999626,46.57807,1.4215546,22.74929,24.804579,2.0552883,14.603467,15.582031,0.97856426,25.079853,28.85852,3.7786674,31.915623,33.521465,1.6058426,75.968506,73.784454,2.1840515,58.782295,60.131535,1.3492393
CigWnxFs_t9NJNTzq7PMdcO6162RK6ETpwLtHG31qbE,071e71f599f0e5c89928bb3faa33900b,164.5,0,93.92039,96.39118,2.4707947,81.121185,83.14072,2.0195312,97.28,98.05827,0.77827454,48.974,51.86257,2.8885727,31.29761,35.743313,4.4457035,21.264427,22.662495,1.3980675,47.999626,46.573357,1.4262695,22.74929,24.801874,2.0525837,14.603467,15.581297,0.97782993,25.079853,28.856531,3.776678,31.915623,33.520126,1.6045036,75.968506,73.777115,2.191391,58.782295,60.121765,1.3394699
CigWnxFs_t9NJNTzq7PMdcO6162RK6ETpwLtHG31qbE,1ab3922288589296550e84eec6f841b9,164.5,0,93.92039,96.39961,2.4792252,81.121185,83.14726,2.0260773,97.28,98.0681,0.7881012,48.974,51.86257,2.8885727,31.29761,35.743313,4.4457035,21.264427,22.664333,1.3999062,47.999626,46.57807,1.4215546,22.74929,24.804579,2.0552883,14.603467,15.5835,0.9800329,25.079853,28.85852,3.7786674,31.915623,33.521465,1.6058426,75.968506,73.784454,2.1840515,58.782295,60.12909,1.3467941
59bc275e681516389ccf4248,acf6cf4ad0a988e89e2a2fcd44cf74bd,174.5,0,132.42592,100.27068,32.155235,121.03735,86.91065,34.1267,137.99728,100.10728,37.890007,75.54992,53.05652,22.4934,45.275307,36.823868,8.451439,27.444843,23.795158,3.649685,53.978863,48.89626,5.0826035,32.825733,26.093513,6.7322197,19.696777,16.28007,3.416708,44.08872,30.245895,13.842823,37.659718,35.288322,2.371395,86.724594,77.31233,9.412262,67.553375,63.73239,3.820984
59bc275e681516389ccf4248,512137c08de4f7fa7499dd1207e23d84,174.5,0,132.42592,100.288956,32.136963,121.03735,86.913925,34.12343,137.99728,100.13184,37.86544,75.54992,53.062515,22.487404,45.275307,36.828506,8.4468,27.444843,23.795618,3.6492252,53.978863,48.89783,5.081032,32.825733,26.098246,6.7274876,19.696777,16.283009,3.4137688,44.08872,30.249626,13.839092,37.659718,35.292343,2.3673744,86.724594,77.31722,9.4073715,67.553375,63.734226,3.819149
59bc275e681516389ccf4248,e700911b96b7f96a16d30420fd81bf8b,174.5,0,132.42592,100.297386,32.128532,121.03735,86.930275,34.10708,137.99728,100.12939,37.867897,75.54992,53.07451,22.47541,45.275307,36.833145,8.442162,27.444843,23.80228,3.6425629,53.978863,48.90687,5.071991,32.825733,26.106697,6.719036,19.696777,16.285946,3.4108315,44.08872,30.256838,13.831881,37.659718,35.301395,2.3583221,86.724594,77.338005,9.386589,67.553375,63.756817,3.7965584
59bc275e681516389ccf4248,45b1c3c89a92d7091ce34a000009844d,174.5,0,132.42592,100.287544,32.138374,121.03735,86.92374,34.113617,137.99728,100.1171,37.88018,75.54992,53.069176,22.480743,45.275307,36.828506,8.4468,27.444843,23.800673,3.6441708,53.978863,48.904514,5.0743484,32.825733,26.101288,6.7244453,19.696777,16.283375,3.4134026,44.08872,30.250122,13.838596,37.659718,35.296032,2.3636856,86.724594,77.33128,9.393311,67.553375,63.750713,3.802662
59bc275e681516389ccf4248,991c4ec85a0a9963a398273dc3c0c5fc,174.5,0,132.42592,100.295975,32.129944,121.03735,86.931915,34.10544,137.99728,100.12202,37.875267,75.54992,53.076508,22.473412,45.275307,36.83353,8.441776,27.444843,23.80366,3.6411839,53.978863,48.909622,5.0692406,32.825733,26.10636,6.7193737,19.696777,16.284843,3.411934,44.08872,30.254599,13.83412,37.659718,35.30106,2.3586578,86.724594,77.34412,9.380478,67.553375,63.761703,3.7916718
59bc275e681516389ccf4248,f40b6529123b0c309ee2d52a378a97d0,174.5,0,132.42592,100.29457,32.131348,121.03735,86.93355,34.103806,137.99728,100.11956,37.877724,75.54992,53.073174,22.476746,45.275307,36.831596,8.44371,27.444843,23.80274,3.6421032,53.978863,48.908443,5.0704193,32.825733,26.105345,6.7203884,19.696777,16.284843,3.411934,44.08872,30.254599,13.83412,37.659718,35.299385,2.3603325,86.724594,77.338615,9.385979,67.553375,63.757427,3.795948
59bc275e681516389ccf4248,fa766f9e49d6cfe0d1e73ff2b5d00f8e,174.5,0,132.42592,100.27771,32.14821,121.03735,86.91883,34.118523,137.99728,100.1171,37.88018,75.54992,53.05652,22.4934,45.275307,36.826572,8.448734,27.444843,23.79424,3.6506023,53.978863,48.89626,5.0826035,32.825733,26.096556,6.7291775,19.696777,16.281906,3.4148712,44.08872,30.248878,13.83984,37.659718,35.292007,2.36771,86.724594,77.316,9.408592,67.553375,63.733,3.8203735
59bc275e681516389ccf4248,2caaa482dd03d096a2a29a1914c497b9,174.5,0,132.42592,100.288956,32.136963,121.03735,86.92374,34.113617,137.99728,100.12939,37.867897,75.54992,53.066513,22.483406,45.275307,36.829666,8.445641,27.444843,23.795618,3.6492252,53.978863,48.89901,5.079853,32.825733,26.10095,6.724783,19.696777,16.28264,3.414137,44.08872,30.251616,13.837103,37.659718,35.295025,2.3646927,86.724594,77.319664,9.40493,67.553375,63.73789,3.815487
_x-J8YMlFxdNhTxS7CgWEVrwalRrh9fpCt0D-_22pq4,e6022dfa6e2613478548e7ae78c62767,170.0,0,121.19553,98.37519,22.820343,120.127266,84.988884,35.138382,142.25656,99.080315,43.176247,82.44861,52.459545,29.989063,44.915943,36.281464,8.6344795,25.841364,23.229517,2.611847,49.269203,47.74149,1.5277138,29.98194,25.451582,4.5303574,18.324108,15.92793,2.3961782,43.87842,29.571232,14.30719,36.578506,34.40372,2.1747856,78.10464,75.5597,2.5449371,64.6357,61.936543,2.699154
_x-J8YMlFxdNhTxS7CgWEVrwalRrh9fpCt0D-_22pq4,589564b0427171a5d26b583b5290f4a2,170.0,0,121.19553,98.38081,22.81472,120.127266,84.99543,35.131836,142.25656,99.087685,43.168877,82.44861,52.463543,29.985065,44.915943,36.28069,8.635254,25.841364,23.229517,2.611847,49.269203,47.74306,1.5261421,29.98194,25.452257,4.529682,18.324108,15.929399,2.3947096,43.87842,29.572723,14.305698,36.578506,34.406403,2.172104,78.10464,75.5597,2.5449371,64.6357,61.936543,2.699154
8JjFTu3rC8kbvRBnU-bPDeDSrLxKghNWrntdXKv5FCw,84c2cbdd42b0bf354a9e562b62b02890,182.15,1,134.47513,105.86723,28.607895,144.99286,92.89511,52.097748,128.04007,103.120125,24.919945,63.756477,54.846104,8.910374,42.88247,38.48355,4.398918,26.970896,25.483816,1.4870796,51.310184,52.2458,0.93561554,32.799736,27.961843,4.8378925,20.575218,17.353016,3.2222023,38.754288,32.12217,6.632118,40.865242,37.942127,2.9231148,82.33674,82.281685,0.05505371,72.88158,69.0198,3.8617783
8JjFTu3rC8kbvRBnU-bPDeDSrLxKghNWrntdXKv5FCw,cb9320df7748567263787a4c9586a08c,182.15,1,134.47513,105.872856,28.602272,144.99286,92.90329,52.08957,128.04007,103.13333,24.906738,63.756477,54.856766,8.899712,42.88247,38.485096,4.397373,26.970896,25.483816,1.4870796,51.310184,52.2458,0.93561554,32.799736,27.969955,4.8297806,20.575218,17.354853,3.2203655,38.754288,32.12416,6.630127,40.865242,37.94481,2.920433,82.33674,82.29636,0.040382385,72.88158,69.02957,3.852005
8JjFTu3rC8kbvRBnU-bPDeDSrLxKghNWrntdXKv5FCw,625a733077ee222f8c32a67f07c41579,182.15,1,134.47513,105.839134,28.635994,144.99286,92.86731,52.12555,128.04007,103.1103,24.929771,63.756477,54.834778,8.9217,42.88247,38.474274,4.4081955,26.970896,25.475546,1.4953499,51.310184,52.23008,0.9198952,32.799736,27.95373,4.8460064,20.575218,17.348244,3.2269745,38.754288,32.11322,6.6410675,40.865242,37.927376,2.9378662,82.33674,82.259674,0.077064514,72.88158,68.99538,3.8862
8JjFTu3rC8kbvRBnU-bPDeDSrLxKghNWrntdXKv5FCw,7f448f9250cf374d6011a8916935dad2,182.15,1,134.47513,105.85037,28.624756,144.99286,92.890205,52.102654,128.04007,103.1146,24.925468,63.756477,54.85077,8.905708,42.88247,38.479683,4.4027863,26.970896,25.483816,1.4870796,51.310184,52.241085,0.9309006,32.799736,27.9659,4.8338356,20.575218,17.354118,3.2210999,38.754288,32.11819,6.636097,40.865242,37.938103,2.9271393,82.33674,82.28902,0.047721863,72.88158,69.02713,3.8544464
8JjFTu3rC8kbvRBnU-bPDeDSrLxKghNWrntdXKv5FCw,4b739c80e75c3e6576a0831f25d97a20,182.15,1,134.47513,105.855995,28.619133,144.99286,92.890205,52.102654,128.04007,103.12059,24.91948,63.756477,54.853436,8.903042,42.88247,38.480457,4.402012,26.970896,25.483816,1.4870796,51.310184,52.242657,0.9324722,32.799736,27.968603,4.831133,20.575218,17.354853,3.2203655,38.754288,32.121178,6.63311,40.865242,37.940784,2.9244576,82.33674,82.291466,0.045272827,72.88158,69.02957,3.852005
8JjFTu3rC8kbvRBnU-bPDeDSrLxKghNWrntdXKv5FCw,60d727915c4e2d9175c76bbcd6e8c24f,182.15,1,134.47513,105.85318,28.621948,144.99286,92.88203,52.110832,128.04007,103.1123,24.927773,63.756477,54.831116,8.925362,42.88247,38.47582,4.4066505,26.970896,25.476465,1.4944305,51.310184,52.237938,0.92775345,32.799736,27.95373,4.8460064,20.575218,17.350447,3.2247715,38.754288,32.114212,6.6400757,40.865242,37.93274,2.9325027,82.33674,82.26212,0.07461548,72.88158,69.00026,3.8813171
8JjFTu3rC8kbvRBnU-bPDeDSrLxKghNWrntdXKv5FCw,48b0908505315ce4ac9876c314435c92,182.15,1,134.47513,105.864426,28.610703,144.99286,92.898384,52.094475,128.04007,103.11936,24.920708,63.756477,54.8551,8.901379,42.88247,38.482002,4.400467,26.970896,25.485655,1.4852409,51.310184,52.2458,0.93561554,32.799736,27.96725,4.832485,20.575218,17.354118,3.2210999,38.754288,32.121178,6.63311,40.865242,37.942127,2.9231148,82.33674,82.29636,0.040382385,72.88158,69.03201,3.8495636
8JjFTu3rC8kbvRBnU-bPDeDSrLxKghNWrntdXKv5FCw,01e3ce18c227e7a0b07deb28173a7578,182.15,1,134.47513,105.847565,28.627563,144.99286,92.880394,52.112465,128.04007,103.10999,24.930077,63.756477,54.84577,8.910706,42.88247,38.478912,4.403557,26.970896,25.48106,1.4898357,51.310184,52.23951,0.9293251,32.799736,27.961843,4.8378925,20.575218,17.351547,3.223671,38.754288,32.115208,6.63908,40.865242,37.936764,2.9284782,82.33674,82.284134,0.052604675,72.88158,69.01736,3.8642197
8JjFTu3rC8kbvRBnU-bPDeDSrLxKghNWrntdXKv5FCw,2e313a17ef279dbaf3ebcd05967e599d,182.15,1,134.47513,105.84194,28.633186,144.99286,92.872215,52.120644,128.04007,103.11122,24.928848,63.756477,54.82645,8.930027,42.88247,38.470406,4.4120636,26.970896,25.475546,1.4953499,51.310184,52.236366,0.9261818,32.799736,27.948322,4.8514137,20.575218,17.348978,3.2262402,38.754288,32.11123,6.643059,40.865242,37.92872,2.9365234,82.33674,82.26701,0.06972504,72.88158,68.99538,3.8862
8JjFTu3rC8kbvRBnU-bPDeDSrLxKghNWrntdXKv5FCw,8d81478966b75bd86e88e2ee98b4fc84,182.15,1,134.47513,105.84194,28.633186,144.99286,92.86404,52.128822,128.04007,103.10861,24.931458,63.756477,54.836113,8.920364,42.88247,38.472725,4.4097443,26.970896,25.475546,1.4953499,51.310184,52.23165,0.9214668,32.799736,27.951702,4.848034,20.575218,17.347507,3.2277107,38.754288,32.110233,6.6440544,40.865242,37.927376,2.9378662,82.33674,82.26701,0.06972504,72.88158,68.99782,3.8837585
JjQ7uHltz74MPCIommgBqYXJ2RvJWdqbPl24d4Z-KcU,404806d2fba529a9b152fa54f2b7e892,175.5,1,131.62933,103.41953,28.2098,124.064095,90.232216,33.83188,117.57962,101.594894,15.984726,63.37347,54.00345,9.370022,46.54847,37.73509,8.813381,27.49143,24.730238,2.7611923,50.171463,50.750652,0.5791893,32.04731,27.110329,4.936981,19.469584,16.867584,2.6019993,40.663498,31.300539,9.362959,39.298855,36.77629,2.522564,78.24625,80.03206,1.7858124,70.593796,66.65912,3.9346771
JjQ7uHltz74MPCIommgBqYXJ2RvJWdqbPl24d4Z-KcU,9ed712226c30c9434cb16777a9efff48,175.5,1,131.62933,103.409,28.220337,124.064095,90.216354,33.84774,117.57962,101.60472,15.974899,63.37347,54.004948,9.368523,46.54847,37.734703,8.8137665,27.49143,24.725643,2.7657871,50.171463,50.738075,0.56661224,32.04731,27.104244,4.9430656,19.469584,16.864645,2.6049385,40.663498,31.296062,9.367435,39.298855,36.765564,2.5332909,78.24625,80.01372,1.7674713,70.593796,66.6408,3.9529953
59bc275b681516389ccf415f,ea998e963c1c58bc0422d202afa28327,166.0,0,116.5018,96.874535,19.627266,105.350464,83.575775,21.774689,120.258026,98.29904,21.958984,72.25642,52.001156,20.25526,42.749195,35.871666,6.877529,23.145628,22.79575,0.3498783,49.45511,46.853203,2.6019058,30.032639,24.951963,5.080675,17.50403,15.66208,1.8419504,39.782978,29.032595,10.750383,36.686924,33.72795,2.958973,77.61901,74.1977,3.4213104,63.120613,60.544315,2.5762978
GRN_Ut9EV6Lt-t1yWaiH1AswixEAdR1YCoAJ5YW4Uxc,2e1378bca6ce0e2a16d62aebb3607cc7,166.0,1,121.550026,99.294136,22.25589,116.9517,85.93096,31.020737,118.36724,99.2523,19.114944,60.75717,52.65143,8.105743,44.23073,36.5227,7.708027,25.337458,23.481321,1.8561363,45.857494,48.22415,2.3666573,30.027079,25.697672,4.3294067,18.611113,16.079948,2.5311642,36.303993,29.866661,6.437332,39.194214,34.82742,4.3667946,70.744896,76.204025,5.4591293,67.83054,62.692497,5.1380463
GRN_Ut9EV6Lt-t1yWaiH1AswixEAdR1YCoAJ5YW4Uxc,a6cabb4c44e49dfb6015902f67e6b041,166.0,1,121.550026,99.29273,22.257294,116.9517,85.924416,31.027283,118.36724,99.24984,19.117401,60.75717,52.648766,8.108406,44.23073,36.52193,7.7087975,25.337458,23.480402,1.8570557,45.857494,48.223362,2.3658676,30.027079,25.69497,4.3321095,18.611113,16.07848,2.5326328,36.303993,29.865667,6.438326,39.194214,34.826748,4.367466,70.744896,76.20158,5.4566803,67.83054,62.68639,5.1441536
59bc275d681516389ccf420b,2026f4f266a1ea9f2b8ee48f5ea4b04e,153.5,0,122.02798,93.994064,28.033913,106.71328,81.243484,25.469795,117.28496,97.0264,20.25856,64.04643,51.257603,12.78883,39.063206,35.146397,3.916809,24.65461,22.037577,2.617033,44.797955,45.227566,0.4296112,29.530237,24.129858,5.400379,18.484037,15.226585,3.257452,37.084835,28.024952,9.059883,34.39829,32.550716,1.8475723,71.73102,71.80869,0.077674866,58.740314,58.12868,0.6116333
59bc275d681516389ccf420b,17f751da7758cb6953f3a1920f2aa8cc,153.5,0,122.02798,93.99969,28.02829,106.71328,81.243484,25.469795,117.28496,97.036224,20.248734,64.04643,51.2656,12.780834,39.063206,35.15104,3.9121666,24.65461,22.039415,2.6151943,44.797955,45.227566,0.4296112,29.530237,24.132563,5.3976746,18.484037,15.226585,3.257452,37.084835,28.024952,9.059883,34.39829,32.548035,1.850254,71.73102,71.80869,0.077674866,58.740314,58.12868,0.6116333
59bc275d681516389ccf420b,03fae319b61295cae7dd52675b9d3c0e,153.5,0,122.02798,94.00531,28.022667,106.71328,81.25003,25.46325,117.28496,97.04114,20.24382,64.04643,51.26027,12.786163,39.063206,35.147945,3.9152603,24.65461,22.039415,2.6151943,44.797955,45.227566,0.4296112,29.530237,24.13121,5.399027,18.484037,15.22732,3.2567177,37.084835,28.02893,9.055904,34.39829,32.5534,1.8448906,71.73102,71.80869,0.077674866,58.740314,58.123795,0.6165199
